1 1 1 0.9967447828125 0.504629625 0.4462890921875 0.361111125 0.0035807187499999997 0.7523148453124999 0.0009765921875 1 1 1
4 0.65703125 0.596875 0.05 0.22265625
4 0.5671875 0.6609375 0.0453125 0.2109375
4 0.5109375 0.55625 0.034375 0.22109375
4 0.4390625 0.56875 0.0484375 0.190625
4 0.3859375 0.534375 0.03671875 0.18125
4 0.5921875 0.46640625 0.046875 0.1734375
4 0.57890625 0.35703125 0.03359375 0.1046875
3 0.29140625 0.5078125 0.0484375 0.19296875
5 0.928125 0.365625 0.06328125 0.1625
2 0.2042410703125 0.3373015875 0.0859375 0.4166666671875 0.0825892859375 0.6230158734375 0.1435081734375 0.635333990625 0.24409411250000002 0.552579378125 0.2414899859375 0.353505321875 0.2042410703125 0.3373015875
0 0.62109375 0.38359375 0.015625 0.04296875