1 0.11295572031250001 1 0.4814453421875 0.8194445109374999 0.7587890921875 0.6898148453124999 0.9108072828125 0.6192129578125 0.6233724656249999 0.37268518125 0.49186196875 0.259259290625 0 0.391203734375 0 1 0.11295572031250001 1
4 0.140625 0.575 0.0359375 0.14140625
4 0.39765625 0.52734375 0.034375 0.121875
4 0.51484375 0.434375 0.0375 0.09453125
4 0.45078125 0.44296875 0.03046875 0.09921875
4 0.675 0.55078125 0.034375 0.11640625
4 0.69140625 0.52109375 0.0390625 0.1015625
4 0.6984375 0.4453125 0.03671875 0.0765625
2 0.7165178578125 0.290674603125 0.6484375 0.23710317500000003 0.6278367499999999 0.2509920765625 0.6262090671875 0.37367724375 0.685128378125 0.43154763125000006 0.7198660718750001 0.4117063484375 0.7165178578125 0.290674603125
3 0.66171875 0.40234375 0.0375 0.08359375
4 0.909375 0.56640625 0.0578125 0.15859375
0 0.746875 0.60625 0.01796875 0.0328125
5 0.4875 0.21640625 0.0296875 0.1
5 0.6203125 0.69765625 0.04296875 0.17421875
5 0.68046875 0.69453125 0.0375 0.14375