1 0.7171224656249999 0.317129625 0.2275390921875 0.3819444578125 0.0009765921875 0.407407403125 0 1 0.3304036546875 0.9976851812499999 0.9970703421874999 0.8726851812499999 1 0.42361112500000003 0.877278715625 0.298611125 0.7171224656249999 0.317129625
3 0.9359375 0.45234375 0.05234375 0.14609375
4 0.49609375 0.69296875 0.03828125 0.16875
4 0.328125 0.6765625 0.0640625 0.20234375
4 0.6140625 0.45 0.053125 0.109375
4 0.68125 0.4703125 0.04296875 0.146875
4 0.6328125 0.8828125 0.0484375 0.165625
5 0.534375 0.290625 0.034375 0.0859375
5 0.57578125 0.921875 0.046875 0.15546875
5 0.859375 0.8875 0.0515625 0.15546875
0 0.61171875 0.34921875 0.02109375 0.02890625