1 1 0.48379629218750003 0.5061849656249999 0.34953706875 0.0022786546875000003 0.7800926234375 0 1 1 1 1 0.48379629218750003
4 0.66796875 0.67578125 0.06015625 0.2
4 0.46640625 0.553125 0.0515625 0.20390625
4 0.7375 0.45390625 0.0421875 0.184375
4 0.66171875 0.4375 0.04609375 0.15703125
4 0.60234375 0.53671875 0.0453125 0.16796875
3 0.359375 0.53203125 0.075 0.09296875
5 0.96953125 0.36875 0.0296875 0.15546875
4 0.46015625 0.43984375 0.03515625 0.06484375
0 0.50625 0.44765625 0.02109375 0.0390625
2 0.271484375 0.3107638890625 0.1552734375 0.3923611109375 0.1513671875 0.5798611109375 0.2047525953125 0.6035879578125 0.3043619703125 0.516203734375 0.2991536546875 0.33796295781249996 0.271484375 0.3107638890625