1 0.9996744703125 1 1 0.8553240687500001 0.7900390921875 0.1527777921875 0.2718099046875 0.1527777921875 0.1481119703125 0.55555556875 0.0035807187499999997 1 0.9996744703125 1
4 0.646875 0.7140625 0.05234375 0.16484375
4 0.6703125 0.41875 0.02890625 0.13984375
4 0.7703125 0.27109375 0.03125 0.1015625
4 0.53046875 0.27890625 0.0296875 0.1140625
4 0.565625 0.25078125 0.01875 0.090625
4 0.6828125 0.16328125 0.01953125 0.07734375
2 0.486653715625 0.06018518125 0.48893228125 0.15046295781250002 0.5686849656249999 0.1527777921875 0.57389321875 0.06481481875 0.486653715625 0.06018518125
3 0.5640625 0.1421875 0.02734375 0.06328125
4 0.74609375 0.22421875 0.028125 0.084375
5 0.2609375 0.12734375 0.0296875 0.07890625
5 0.88046875 0.3546875 0.02734375 0.14140625