1 0.9996744703125 1 0.9967447828125 0.16782406875 0.2340494703125 0.16435184687499999 0.0009765921875 0.61805556875 0 0.9976851812499999 0.9996744703125 1
4 0.25234375 0.64296875 0.06796875 0.21796875
4 0.06796875 0.66953125 0.06953125 0.24375
4 0.36953125 0.3 0.06015625 0.159375
4 0.4328125 0.21484375 0.0421875 0.13984375
2 0.72819009375 0.17303240312499998 0.7314453421875 0.006944457812500001 0.5947265921875 0.0092592640625 0.5947265921875 0.16203704218749998 0.72819009375 0.17303240312499998
3 0.6703125 0.1328125 0.03984375 0.1375
4 0.8703125 0.27265625 0.04453125 0.1578125
4 0.91015625 0.74921875 0.059375 0.23828125
4 0.940625 0.6421875 0.05234375 0.215625
4 0.9390625 0.2 0.03515625 0.15546875
5 0.1078125 0.26015625 0.04765625 0.128125