1 0 0.851851846875 0.6936849656249999 0.9490740687500001 0.9619140921874999 0.9976851812499999 1 0.9930556218750001 0.9996744703125 0.40393518124999994 0.43717446875 0.3564815125 0.11425784218749999 0.321759290625 0.0009765921875 0.43055556875 0 0.851851846875
4 0.7828125 0.7171875 0.03984375 0.13984375
4 0.6625 0.77890625 0.04453125 0.14609375
4 0.82109375 0.46640625 0.0421875 0.14609375
4 0.94296875 0.4609375 0.04609375 0.11484375
4 0.30625 0.51171875 0.03515625 0.125
4 0.06640625 0.5078125 0.0359375 0.1140625
4 0.225 0.35625 0.0328125 0.08828125
4 0.36015625 0.36640625 0.0296875 0.109375
5 0.8796875 0.34453125 0.0234375 0.1109375
5 0.40546875 0.92578125 0.046875 0.1484375
5 0.19296875 0.81796875 0.04609375 0.14140625