1 1 0.63657406875 0.58951821875 0.270833346875 0 0.414351846875 0.0035807187499999997 1 0.79654946875 1 1 0.9212962921875001 1 0.63657406875
4 0.43828125 0.73125 0.096875 0.20390625
4 0.19140625 0.54765625 0.05625 0.2046875
4 0.02578125 0.646875 0.0515625 0.225
4 0.61796875 0.628125 0.0453125 0.15625
4 0.61953125 0.42890625 0.05 0.18828125
4 0.4359375 0.29765625 0.06015625 0.12734375
4 0.69921875 0.52265625 0.040625 0.16796875
4 0.7171875 0.50234375 0.05 0.18984375
3 0.775 0.51640625 0.05078125 0.19453125
0 0.76015625 0.66796875 0.025 0.034375
2 0.7913412156249999 0.27230639375 0.7835287156249999 0.44128789218750003 0.8805338453125 0.5327230593750001 0.93536931875 0.50631313125 0.9325284093749999 0.3257575765625 0.8217329546875 0.2462121203125 0.7913412156249999 0.27230639375