1 0.998372465625 1 1 0.5289351812499999 0.9020182203125 0.289351846875 0.19628909218749999 0.2847222359375 0 0.7962962921875001 0.0009765921875 1 0.998372465625 1
4 0.6671875 0.6125 0.03515625 0.14609375
4 0.571875 0.9015625 0.0703125 0.196875
4 0.778125 0.5453125 0.065625 0.178125
4 0.865625 0.3015625 0.0421875 0.11875
4 0.45 0.28671875 0.0375 0.08828125
4 0.4875 0.309375 0.021875 0.09453125
3 0.55234375 0.26484375 0.0328125 0.128125
4 0.7609375 0.28984375 0.02734375 0.0953125
4 0.7796875 0.40078125 0.0265625 0.128125
2 0.4853515921875 0.16435184687499999 0.4853515921875 0.2777777921875 0.5947265921875 0.2777777921875 0.59733071875 0.1689814859375 0.4853515921875 0.16435184687499999
0 0.52578125 0.221875 0.0109375 0.02421875
5 0.1796875 0.2421875 0.04375 0.121875