1 1 0.48206018124999994 0.432942778125 0.3431712921875 0 0.7158565125 0 0.8894676234375 0.3404947828125 1 1 1 1 0.48206018124999994
4 0.86875 0.89453125 0.05 0.2109375
4 0.49296875 0.94921875 0.0546875 0.1015625
4 0.56484375 0.61171875 0.04375 0.1859375
4 0.55546875 0.50703125 0.02890625 0.1125
4 0.5046875 0.5390625 0.05390625 0.196875
4 0.39453125 0.51640625 0.0296875 0.1171875
4 0.37578125 0.47109375 0.03046875 0.11015625
4 0.75703125 0.425 0.05234375 0.1421875
4 0.559375 0.38515625 0.03125 0.11953125
3 0.30703125 0.46171875 0.0328125 0.1375
5 0.7984375 0.35234375 0.0265625 0.153125
2 0.2379261375 0.32449495 0.140625 0.3888888890625 0.1370738625 0.5454545453125 0.1883285890625 0.5562394734375 0.2684067125 0.49489691718750006 0.2631984 0.33517469375000003 0.2379261375 0.32449495
5 0.30234375 0.92265625 0.071875 0.1546875