1 1 0.6192129578125 0.6546224656249999 0.3078704015625 0 0.442129625 0.0009765921875 1 0.73014321875 1 1 0.90277784375 1 0.6192129578125
4 0.396875 0.78671875 0.05234375 0.20390625
4 0.31328125 0.54375 0.0375 0.16796875
4 0.60234375 0.61796875 0.046875 0.18125
4 0.6828125 0.44453125 0.04296875 0.1671875
4 0.20234375 0.6125 0.07578125 0.15390625
4 0.76953125 0.5296875 0.04375 0.12578125
4 0.77578125 0.459375 0.02890625 0.07265625
4 0.5484375 0.29140625 0.0328125 0.121875
3 0.8203125 0.459375 0.0359375 0.14609375
0 0.7984375 0.3953125 0.0171875 0.02421875
5 0.040625 0.37109375 0.04609375 0.128125
2 0.8369140921874999 0.3123219328125 0.8251953421874999 0.469729375 0.9078775953125 0.538016378125 0.9627403843750001 0.5235042734375 0.9639423078125 0.360042734375 0.8629807703125 0.2873931625 0.8369140921874999 0.3123219328125