1 0 1 0.5634765921875 0.9976851812499999 0.9996744703125 0.8032407359375 1 0.71469906875 0.7900390921875 0.53703706875 0.5061849656249999 0.2939815125 0.4736328421875 0.263888903125 0 0.3981481796875 0 1
4 0.2578125 0.54375 0.0796875 0.171875
4 0.73125 0.784375 0.08828125 0.13984375
4 0.59296875 0.39765625 0.05859375 0.14375
4 0.5953125 0.66875 0.08671875 0.15390625
2 0.7890625 0.30694444375 0.68828125 0.2375 0.6572265921875 0.2500000140625 0.65201821875 0.41782406875 0.7392578421875 0.4953704015625 0.7984375 0.48055555625 0.7890625 0.30694444375
4 0.66875 0.39453125 0.046875 0.1234375
3 0.73984375 0.43828125 0.04609375 0.159375
4 0.896875 0.771875 0.06015625 0.2015625
5 0.5140625 0.93359375 0.05546875 0.1328125
5 0.434375 0.9328125 0.07265625 0.134375
0 0.07578125 0.55390625 0.025 0.03984375