1 1 0.626157403125 0.8408203421874999 0.13657406875 0.2405599046875 0.138888903125 0.0009765921875 0.8356481796875 0.0022786546875000003 1 1 1 1 0.626157403125
4 0.62109375 0.66484375 0.0515625 0.1375
4 0.65625 0.428125 0.05234375 0.1390625
4 0.7984375 0.3203125 0.0328125 0.11796875
4 0.76171875 0.23203125 0.0203125 0.11484375
4 0.47734375 0.1875 0.0296875 0.0703125
4 0.5234375 0.1875 0.02265625 0.09765625
4 0.71953125 0.1359375 0.0234375 0.09296875
3 0.54921875 0.13984375 0.0421875 0.10390625
2 0.58170571875 0.13831018125 0.58561196875 0.04166668125 0.486653715625 0.0370370421875 0.48404946875 0.1435185140625 0.58170571875 0.13831018125
5 0.22421875 0.11171875 0.03515625 0.06796875
5 0.95078125 0.37421875 0.03515625 0.1828125
0 0.51953125 0.1109375 0.015625 0.028125