1 0.8095703421874999 1 0.822591215625 0.2453704015625 0.0022786546875000003 0.18518518125 0 1 0.8095703421874999 1
4 0.1421875 0.75 0.08515625 0.36171875
4 0.03125 0.5421875 0.059375 0.29453125
4 0.38671875 0.7265625 0.078125 0.3890625
4 0.65546875 0.846875 0.09140625 0.30625
4 0.696875 0.7234375 0.10078125 0.29453125
4 0.6234375 0.42578125 0.10234375 0.18984375
4 0.55703125 0.44375 0.0640625 0.27421875
3 0.74375 0.49453125 0.08984375 0.2015625
5 0.80390625 0.1375 0.0421875 0.19296875
2 0.8942057203125 0.2175926234375 0.8251953421874999 0.2129629578125 0.830403715625 0.31481484531250004 0.8095703421874999 0.629629625 0.9293619703125 0.6319444578125 0.9072265921874999 0.513888903125 0.8981119703125 0.3356481796875 0.8942057203125 0.2175926234375