1 0 1 0.08951821875 0.9976851812499999 0.50358071875 0.7916667328125 0.9020182203125 0.610532403125 0.6884765921875 0.4189815125 0.4931640921875 0.24768518125 0 0.38657406875 0 1
4 0.08203125 0.53828125 0.046875 0.14609375
4 0.4671875 0.503125 0.0390625 0.11484375
4 0.4375 0.37578125 0.028125 0.10390625
4 0.4796875 0.38203125 0.03515625 0.115625
4 0.6328125 0.51953125 0.02265625 0.1375
4 0.6078125 0.4765625 0.03828125 0.125
4 0.67734375 0.43359375 0.01953125 0.090625
2 0.68912759375 0.414351846875 0.6897787156249999 0.289351846875 0.62858071875 0.236111125 0.62467446875 0.3587962921875 0.68912759375 0.414351846875
3 0.6609375 0.38359375 0.04921875 0.09296875
0 0.9046875 0.59921875 0.01640625 0.02890625
4 0.93671875 0.5609375 0.0609375 0.11953125
5 0.671875 0.684375 0.0375 0.18671875
5 0.60703125 0.67890625 0.04609375 0.17890625
5 0.4875 0.20859375 0.02890625 0.1015625