1 0.05826821875 1 0.3460286546875 0.942129625 0.73404946875 0.8819445109374999 1 0.8564815125 0.9977213453125 0.2285879578125 0.3069661546875 0.298611125 0.0009765921875 0.3125000140625 0.00618490625 1 0.05826821875 1
4 0.284375 0.50546875 0.0390625 0.15546875
4 0.2703125 0.7109375 0.046875 0.17578125
4 0.1578125 0.69609375 0.05 0.2
4 0.3625 0.38984375 0.05234375 0.1140625
4 0.37890625 0.284375 0.03046875 0.1078125
4 0.6109375 0.66171875 0.0484375 0.16640625
4 0.64296875 0.6390625 0.034375 0.17109375
0 0.63671875 0.73203125 0.01640625 0.02421875
0 0.53671875 0.22890625 0.03515625 0.11171875
5 0.03671875 0.8984375 0.0515625 0.203125
5 0.68671875 0.9234375 0.0453125 0.153125
5 0.8140625 0.85390625 0.04296875 0.20859375