1 0.0009765921875 0.3402777921875 0 0.9976851812499999 0.3850911546875 0.9953704015625 0.9694010328125 0.69907406875 0.57779946875 0.3750000140625 0.40592446875 0.22685184687499999 0.0009765921875 0.3402777921875
4 0.046875 0.59140625 0.08203125 0.2109375
4 0.34375 0.76328125 0.078125 0.2046875
4 0.6765625 0.71640625 0.07265625 0.2015625
4 0.6265625 0.73828125 0.0484375 0.1203125
4 0.321875 0.41171875 0.0453125 0.15390625
4 0.29609375 0.346875 0.05625 0.12578125
3 0.63203125 0.41875 0.0875 0.16171875
5 0.26015625 0.2171875 0.0328125 0.13984375
2 0.5772569437499999 0.20679012343749997 0.57779946875 0.37731484531250004 0.66373696875 0.445601846875 0.707465278125 0.432098765625 0.7022569437499999 0.25 0.6119791671875 0.19135802500000001 0.5772569437499999 0.20679012343749997
5 0.1765625 0.9390625 0.046875 0.121875
5 0.37109375 0.91640625 0.0703125 0.1671875