1 1 0.3657407359375 0.4345703421875 0.391203734375 0 0.40046295781249996 0 0.9837962921875001 0.47233071875 0.942129625 1 0.923611178125 1 0.3657407359375
4 0.86875 0.6390625 0.05859375 0.1296875
4 0.21953125 0.6796875 0.046875 0.15546875
4 0.09375 0.6765625 0.0625 0.128125
4 0.04296875 0.91953125 0.04375 0.14609375
4 0.88984375 0.41328125 0.0421875 0.090625
4 0.71796875 0.4140625 0.04453125 0.103125
4 0.278125 0.440625 0.046875 0.10078125
4 0.271875 0.36875 0.03984375 0.06796875
5 0.74375 0.32578125 0.03828125 0.065625
5 0.19765625 0.87734375 0.0890625 0.1484375