1 1 0.429976846875 0.8642578421874999 0.298611125 0.2249349046875 0.388888903125 0 0.4027777921875 0.007486968750000001 0.9930556218750001 0.3199869703125 0.9976851812499999 1 0.8634259562500001 1 0.429976846875
3 0.9609375 0.42265625 0.0390625 0.12734375
4 0.86328125 0.76015625 0.04609375 0.178125
4 0.65078125 0.32890625 0.034375 0.11484375
4 0.52734375 0.38515625 0.0484375 0.10859375
4 0.56640625 0.3421875 0.0234375 0.10234375
4 0.4921875 0.4328125 0.05390625 0.10234375
4 0.440625 0.66171875 0.053125 0.134375
4 0.33671875 0.5984375 0.046875 0.159375
4 0.53125 0.73515625 0.071875 0.13515625
5 0.284375 0.91171875 0.065625 0.1765625
5 0.609375 0.26640625 0.0328125 0.10078125