1 0 1 0.9996744703125 0.9976851812499999 0.9967447828125 0.8240740687500001 0.4384765921875 0.34259262343749997 0 0.46296295781249996 0 1
4 0.6625 0.734375 0.06796875 0.21640625
4 0.3046875 0.73359375 0.0484375 0.221875
4 0.53203125 0.49296875 0.0453125 0.18125
4 0.8171875 0.6859375 0.0390625 0.234375
4 0.8953125 0.78671875 0.0703125 0.2453125
4 0.0203125 0.75390625 0.03984375 0.2421875
4 0.48125 0.7921875 0.04921875 0.2109375
4 0.57421875 0.4453125 0.0859375 0.14140625
5 0.42421875 0.27421875 0.0421875 0.14609375
2 0.6474610078125 0.320601865625 0.6513672578125 0.5127314765625 0.7522786359375 0.6064814765625 0.8131510421874999 0.5833333328125 0.8001302078125001 0.3865740734375 0.6842447921875 0.3078703703125 0.6474610078125 0.320601865625
3 0.665625 0.503125 0.03984375 0.19765625
2 0.73203125 0.5 0.01953125 0.03203125