1 1 0.527777778125 0.35 0.3888888890625 0 0.70555555625 0 0.9861111109375 0.0703125 0.997222221875 1 1 1 0.527777778125
4 0.8203125 0.72890625 0.05 0.14140625
4 0.39765625 0.6609375 0.0515625 0.1390625
4 0.4703125 0.559375 0.034375 0.13046875
4 0.240625 0.6375 0.03125 0.153125
4 0.328125 0.446875 0.028125 0.11640625
4 0.3734375 0.50390625 0.021875 0.14140625
4 0.37890625 0.3609375 0.0296875 0.09453125
4 0.4125 0.51953125 0.01875 0.128125
3 0.2015625 0.490625 0.028125 0.14140625
2 0.11875 0.503125 0.140625 0.228125
5 0.64765625 0.3921875 0.0375 0.1328125