1 0.3225911546875 0.36805556875 0.007486968750000001 0.407407403125 0.0009765921875 1 0.3805338453125 0.9976851812499999 1 0.8553240687500001 0.9996744703125 0.45601851406250005 0.8212890921874999 0.289351846875 0.3225911546875 0.36805556875
3 0.93125 0.41875 0.03984375 0.134375
4 0.6953125 0.6796875 0.0671875 0.16328125
4 0.5234375 0.37109375 0.03046875 0.11875
4 0.66015625 0.3328125 0.025 0.13515625
5 0.55390625 0.259375 0.03515625 0.10625
4 0.21171875 0.440625 0.046875 0.12265625
4 0.22109375 0.36640625 0.03671875 0.08125
4 0.1015625 0.7140625 0.05390625 0.17890625
4 0.05 0.81484375 0.06796875 0.1859375
4 0.8859375 0.65859375 0.06640625 0.14140625
0 0.8875 0.71328125 0.021875 0.04140625
5 0.98515625 0.8125 0.0296875 0.15703125
5 0.1328125 0.95 0.05234375 0.1
2 0.9853515921874999 0.2939815125 0.9703775953125 0.438657403125 0.9957682203125 0.46064817968750005 1 0.3078704015625 0.9853515921874999 0.2939815125