1 1 1 0.9996744703125 0.48032406875 0.5804037156249999 0.36342595625 0.42936196875 0.48611112500000003 0.08951821875 0.7708334 0 0.8495370687499999 0 1 1 1
4 0.9125 0.76875 0.0578125 0.2359375
4 0.7171875 0.56953125 0.071875 0.18125
4 0.528125 0.72890625 0.04921875 0.16328125
4 0.48515625 0.79765625 0.0375 0.21875
4 0.4484375 0.6921875 0.03671875 0.20859375
4 0.353125 0.8609375 0.134375 0.13984375
4 0.4 0.4953125 0.05546875 0.1578125
2 0.328125 0.32777777812500003 0.2171875 0.4 0.2109375 0.597222221875 0.2664713453125 0.6202546250000001 0.3686849046875 0.5467592906250001 0.3673828421875 0.34768518125000003 0.328125 0.32777777812500003
3 0.31640625 0.56328125 0.06015625 0.165625
0 0.3609375 0.55625 0.0171875 0.0265625