1 0.0009765921875 0.976851846875 0.0908203421875 1 1 0.9942476812500001 0.9996744703125 0.5341435140625 0.3551432203125 0.391203734375 0.1780599046875 0.5462962921875001 0.0009765921875 0.7060185140625 0.0009765921875 0.976851846875
1 0.8609375 0.6921875 0.040625 0.18046875
4 0.45390625 0.54765625 0.03359375 0.16875
4 0.30625 0.6171875 0.05390625 0.14921875
4 0.365625 0.53203125 0.02421875 0.16640625
4 0.346875 0.43359375 0.0265625 0.090625
0 0.378125 0.39609375 0.0109375 0.01875
4 0.396875 0.35859375 0.034375 0.09296875
5 0.6296875 0.3828125 0.0453125 0.12421875
2 0.1780599046875 0.388888903125 0.15234375 0.3697916671875 0.0556640625 0.44444444375 0.0517578125 0.6024305562500001 0.103515625 0.6145833328125 0.1819661546875 0.54166668125 0.1780599046875 0.388888903125
3 0.22734375 0.5046875 0.05234375 0.12109375