1 1 0.38969906875000004 0.2496744703125 0.3023148453125 0 0.570833346875 0 0.651851846875 0.2692057203125 0.7074074031250001 0.46842446875 0.746759290625 0.9098307203125 0.8347222890625 1 0.8486111781250001 1 0.38969906875000004
4 0.68828125 0.703125 0.07265625 0.10234375
4 0.37890625 0.59140625 0.028125 0.128125
4 0.25625 0.396875 0.025 0.1
4 0.27734375 0.41875 0.02265625 0.10234375
4 0.18125 0.45 0.025 0.09921875
5 0.34921875 0.7015625 0.02265625 0.115625
4 0.3796875 0.71015625 0.0375 0.12578125
4 0.12890625 0.675 0.028125 0.0984375
4 0.19453125 0.628125 0.02109375 0.04921875
3 0.20859375 0.43046875 0.03046875 0.1015625
4 0.228125 0.31953125 0.02421875 0.07421875
2 0.12109375 0.3 0.07265625 0.34722222187499996 0.075 0.44444444375 0.10904947031250001 0.442129625 0.1546224046875 0.3935185140625 0.1429036546875 0.30555556875 0.12109375 0.3
4 0.1515625 0.41171875 0.02109375 0.09296875
4 0.1625 0.34921875 0.0171875 0.046875
5 0.24921875 0.2640625 0.0296875 0.07421875
5 0.240625 0.65546875 0.025 0.08671875
5 0.31640625 0.68984375 0.0390625 0.13046875
5 0.4328125 0.7484375 0.0296875 0.1234375
0 0.49921875 0.74453125 0.01953125 0.02890625
4 0.91328125 0.925 0.021875 0.14609375
4 0.95703125 0.89609375 0.0234375 0.15703125
4 0.94453125 0.82265625 0.021875 0.090625