1 0.2724609671875 1 0.51725259375 0.8726851812499999 0.9625650953125 0.673032403125 0.6357422171875 0.391203734375 0.48209634375 0.259259290625 0.0016275953125 0.388888903125 0.00032553125 1 0.2724609671875 1
4 0.18671875 0.61484375 0.04453125 0.178125
4 0.40625 0.56796875 0.028125 0.175
4 0.61484375 0.6140625 0.05078125 0.15625
4 0.69453125 0.578125 0.04453125 0.16796875
4 0.871875 0.56953125 0.04453125 0.18125
4 0.7796875 0.50078125 0.05546875 0.13203125
4 0.54609375 0.42421875 0.0265625 0.1375
4 0.525 0.38515625 0.02734375 0.11875
0 0.58125 0.428125 0.021875 0.0140625
5 0.64453125 0.7546875 0.04453125 0.1765625
5 0.69609375 0.7609375 0.0328125 0.190625
2 0.6331380906249999 0.25231484531250004 0.6318359671875 0.38657406875 0.7021484671875 0.4444444578125 0.7453125 0.43055555625 0.7390625 0.2888888890625 0.659375 0.2388888890625 0.6331380906249999 0.25231484531250004
3 0.66796875 0.40390625 0.04921875 0.10859375