1 1 0.45081018124999994 0.3876953421875 0.3078704015625 0.0048828421875 0.6504629578125 0.0048828421875 0.8032407359375 0.55045571875 1 1 1 1 0.45081018124999994
4 0.7375 0.86484375 0.065625 0.228125
4 0.86796875 0.3734375 0.05703125 0.10546875
4 0.53125 0.5125 0.040625 0.15546875
4 0.50390625 0.36640625 0.028125 0.15078125
4 0.2765625 0.56171875 0.0375 0.14921875
4 0.24375 0.5171875 0.040625 0.13671875
3 0.27265625 0.40234375 0.03671875 0.121875
5 0.71484375 0.3078125 0.046875 0.11640625
0 0.671875 0.4015625 0.015625 0.02578125
4 0.4484375 0.8875 0.06015625 0.14140625
5 0.28828125 0.865625 0.04296875 0.1625
4 0.45390625 0.534375 0.021875 0.14921875
4 0.471875 0.47890625 0.0265625 0.1078125
2 0.207465278125 0.288580246875 0.1241319453125 0.354938271875 0.1232638890625 0.5030864187499999 0.16558158750000002 0.5133101812499999 0.2375217109375 0.44907406875 0.2323133984375 0.30555556875 0.207465278125 0.288580246875