1 0.2418619703125 0.379629625 0 0.59953706875 0.0009765921875 0.692129625 0.2861328421875 0.7800926234375 0.5986328421875 0.879629625 0.8902994703125 0.9837962921875001 0.939778715625 1 0.9970703421874999 0.9976851812499999 0.9996744703125 0.40393518124999994 0.8447265921874999 0.3819444578125 0.5517578421875 0.32407406875 0.3408203421875 0.2777777921875 0.2418619703125 0.379629625
4 0.61875 0.46640625 0.03046875 0.128125
4 0.4921875 0.59140625 0.0484375 0.13203125
4 0.41171875 0.465625 0.04296875 0.1375
4 0.44453125 0.41953125 0.02421875 0.11484375
4 0.3015625 0.4984375 0.0296875 0.11953125
4 0.09375 0.5953125 0.040625 0.146875
5 0.67421875 0.853125 0.05 0.16875
4 0.70078125 0.753125 0.025 0.15078125
4 0.7265625 0.33125 0.0203125 0.096875
5 0.45234375 0.26015625 0.021875 0.10859375
5 0.3921875 0.75546875 0.03515625 0.12734375
0 0.35078125 0.70546875 0.021875 0.0375
3 0.215625 0.40546875 0.0390625 0.10625
2 0.1866319453125 0.2716049390625 0.1163194453125 0.3225308640625 0.1197916671875 0.4506172828125 0.1578775953125 0.44907406875 0.2197265921875 0.4027777921875 0.2119140921875 0.2777777921875 0.1866319453125 0.2716049390625