1 0.0022786546875000003 0.55555556875 0 0.6458334 0.7939453421875 0.82638895625 1 0.8750000671875 0.9977213453125 0.3813657359375 0.5126953421875 0.31018518125 0.2679036546875 0.2777777921875 0.13378909218749999 0.4189815125 0.0022786546875000003 0.55555556875
4 0.565625 0.70625 0.0453125 0.1390625
4 0.409375 0.6171875 0.034375 0.1078125
4 0.30859375 0.42734375 0.03125 0.103125
4 0.3109375 0.35234375 0.025 0.03984375
4 0.275 0.3 0.01640625 0.0765625
4 0.190625 0.44765625 0.021875 0.08671875
4 0.20703125 0.43515625 0.028125 0.08359375
2 0.14204545468750002 0.2790404046875 0.08451704531250001 0.3257575765625 0.0894886375 0.43181818125 0.12076822031250001 0.42476851406250005 0.17285159218749999 0.379629625 0.1624349046875 0.289351846875 0.14204545468750002 0.2790404046875
4 0.16796875 0.396875 0.02265625 0.1
4 0.18671875 0.34296875 0.01875 0.07265625
4 0.1515625 0.66328125 0.02890625 0.12265625
4 0.21015625 0.6296875 0.02109375 0.05546875
5 0.37578125 0.7109375 0.034375 0.11484375
4 0.40546875 0.721875 0.021875 0.1296875
4 0.98984375 0.93828125 0.01953125 0.11015625
4 0.9890625 0.8609375 0.021875 0.028125
5 0.4609375 0.76953125 0.0359375 0.14140625
5 0.35234375 0.68359375 0.04140625 0.10078125
5 0.37109375 0.75078125 0.003125 0.0125
5 0.2484375 0.66640625 0.0328125 0.115625
5 0.271875 0.23125 0.0328125 0.046875