1 0.9957682203125 0.9884259562500001 0.9977213453125 0.40046295781249996 0.3759765921875 0.26157406875 0 0.6203704015625 0.8902994703125 0.9444445109374999 0.9957682203125 0.9884259562500001
4 0.66640625 0.7390625 0.06796875 0.17421875
4 0.5296875 0.64765625 0.0421875 0.13046875
4 0.48359375 0.41484375 0.0453125 0.11953125
4 0.45390625 0.29375 0.03125 0.084375
4 0.4015625 0.434375 0.04296875 0.1171875
4 0.29921875 0.33515625 0.03671875 0.1125
4 0.22265625 0.48359375 0.03828125 0.09296875
3 0.2421875 0.44453125 0.0328125 0.09765625
2 0.16640625 0.30555555624999997 0.16953125 0.44444444375 0.2574869703125 0.37268518125 0.24921875 0.24305555625 0.16640625 0.30555555624999997
4 0.24921875 0.37265625 0.0375 0.06953125
5 0.48515625 0.78125 0.0234375 0.14609375
4 0.51640625 0.78203125 0.03125 0.15859375
4 0.29453125 0.66484375 0.02265625 0.08125
4 0.22734375 0.69609375 0.0296875 0.1578125
5 0.34296875 0.703125 0.0265625 0.14375
5 0.45390625 0.74296875 0.02578125 0.14375
5 0.58203125 0.8484375 0.04609375 0.1734375
5 0.375 0.22109375 0.03046875 0.0953125