1 0 1 1 0.9976851812499999 0.9996744703125 0.5688657359375 0.8785807203125 0.2777777921875 0.58951821875 0.29166668125 0.1858724046875 0.30092595625 0 0.8101851812499999 0 1
4 0.64375 0.52109375 0.0421875 0.1515625
4 0.47890625 0.9265625 0.0671875 0.146875
4 0.48984375 0.53125 0.06171875 0.1046875
4 0.50078125 0.33984375 0.0453125 0.08359375
4 0.31171875 0.42734375 0.07578125 0.06171875
4 0.2703125 0.4609375 0.0390625 0.11484375
5 0.128125 0.31328125 0.05078125 0.128125
4 0.57578125 0.271875 0.025 0.11796875
3 0.521875 0.284375 0.0421875 0.07421875
2 0.58561196875 0.289351846875 0.5830078421875 0.17592593125 0.471028715625 0.18055556875 0.47233071875 0.2939815125 0.58561196875 0.289351846875