1 0 0.8472222890625 0.3668619703125 1 0.998372465625 0.9976851812499999 1 0.3935185140625 0.5296224656249999 0.263888903125 0.3369140921875 0.4328704015625 0 0.719907403125 0 0.8472222890625
4 0.91015625 0.91640625 0.0703125 0.1671875
4 0.90078125 0.353125 0.034375 0.16875
4 0.65625 0.425 0.05390625 0.18203125
4 0.51484375 0.54140625 0.0546875 0.2046875
4 0.30078125 0.54921875 0.040625 0.165625
4 0.409375 0.54140625 0.0375 0.18515625
4 0.38984375 0.49296875 0.02109375 0.1671875
4 0.16640625 0.65859375 0.04453125 0.234375
5 0.4953125 0.23984375 0.0265625 0.15078125
5 0.5796875 0.93046875 0.04765625 0.12578125
2 0.309375 0.23333333281250002 0.2046875 0.29722222187499997 0.1953125 0.48333333281249996 0.2535807203125 0.501157403125 0.3421224046875 0.4398148453125 0.3447265921875 0.24768518125 0.309375 0.23333333281250002
0 0.40078125 0.40703125 0.025 0.0375