1 0.19299769375 1 0.96325230625 0.7463991734375 0.7196180828125 0.5362499109375001 0.5043403046875 0.35114215312499997 0.0008680562500000001 0.42929879375 0 1 0.19299769375 1
4 0.61171875 0.50234375 0.02578125 0.175
3 0.6515625 0.49609375 0.0390625 0.146875
5 0.4765625 0.30234375 0.02578125 0.096875
4 0.409375 0.490625 0.0390625 0.1609375
2 0.6825810796875 0.32646111875 0.654803303125 0.33057465625 0.646701415625 0.4622068078125 0.7126736375 0.5362499109375001 0.7774884171875 0.5241769515625 0.756655084375 0.49511486875 0.7543403046875 0.38199344687500003 0.6825810796875 0.32646111875
0 0.6984375 0.521875 0.01640625 0.02109375
4 0.0125 0.44140625 0.02265625 0.11796875
4 0.60859375 0.5015625 0.025 0.1359375
4 0.5625 0.5640625 0.03828125 0.13203125
4 0.503125 0.528125 0.03515625 0.115625
5 0.3265625 0.8828125 0.05 0.19609375
4 0.4921875 0.615625 0.06015625 0.1296875