2 0.2307313078125 0.5895658609375001 0.258969915625 1 0.7439236375 0.999019303125 0.770543971875 0.577385 0.7604238265625 0.569279596875 0.2307313078125 0.5895658609375001
0 0.5484375 0.94375 0.0390625 0.03984375
1 1 0.5650444828125 0.67447919375 0.3655394390625 0.432581028125 0.35936918125 0.41869213906249997 0.3655394390625 0.002025471875 0.5814984890625 0 0.88795465 1 0.9455437921875 1 0.5650444828125
2 0.569155084375 0.36059670312500003 0.569155084375 0.32029086093750003 0.528645859375 0.32029086093750003 0.5274884171875 0.35936918125 0.569155084375 0.36059670312500003
3 0.546875 0.3546875 0.015625 0.04609375
4 0.659375 0.57578125 0.05390625 0.21640625
5 0.2859375 0.396875 0.021875 0.084375
4 0.3390625 0.81875 0.09609375 0.3578125
4 0.73359375 0.478125 0.034375 0.14765625
4 0.58046875 0.77890625 0.08671875 0.3109375
4 0.53671875 0.41953125 0.02890625 0.10390625
4 0.9625 0.665625 0.075 0.1390625
4 0.6546875 0.38671875 0.021875 0.09375