0 0.08984375 0.575 0.0125 0.03046875
4 0.240625 0.4484375 0.02109375 0.08203125
4 0.3671875 0.628125 0.03046875 0.09375
4 0.5953125 0.46796875 0.0203125 0.07109375
3 0.06328125 0.51484375 0.0328125 0.0921875
4 0.8359375 0.54921875 0.04921875 0.10078125
4 0.3 0.5015625 0.02109375 0.07890625
4 0.3171875 0.69609375 0.02578125 0.11328125
5 0.459375 0.3828125 0.02109375 0.06328125
5 0.68515625 0.76640625 0.0296875 0.13515625
4 0.76875 0.75 0.0234375 0.12421875
4 0.8859375 0.5578125 0.0171875 0.11171875
3 0.98671875 0.51875 0.02578125 0.09296875
4 0.91328125 0.7546875 0.03125 0.1234375
4 0.490625 0.39296875 0.0171875 0.0609375