1 0.7772204281249999 0.021677021875 0.40715771875 0.0171413375 0 0.236941284375 0.0022764515625 0.7137631984375 0.0009740250000000001 0.7554272484375 1 0.8734753921875 0.99993541875 0.1813892171875 0.7772204281249999 0.021677021875
4 0.48203125 0.246875 0.075 0.1921875
4 0.8734375 0.24921875 0.053125 0.22421875
4 0.77734375 0.19765625 0.04296875 0.1890625
2 0.1477138875 0.3565326375 0.198508534375 0.9861227375 0.77678605625 0.9930667468750001 0.8416205515625 0.41597945625 0.7689714953125 0.33338594375 0.24409347499999998 0.28246321406249997 0.1477138875 0.3565326375
3 0.50625 0.62578125 0.26328125 0.4640625
4 0.71640625 0.11171875 0.02734375 0.1359375
4 0.2046875 0.1859375 0.04140625 0.1828125
4 0.57109375 0.084375 0.02890625 0.121875
4 0.2734375 0.1796875 0.03984375 0.19296875
4 0.16796875 0.2 0.04765625 0.20546875
4 0.896875 0.046875 0.025 0.0890625
3 0.590625 0.0234375 0.0171875 0.046875
0 0.55 0.35234375 0.01328125 0.03984375