1 0.1177580703125 1 1 0.8703892640625 0.9981986203125001 0.48383945937500006 0.8679559359375 0.34958862968750004 0 0.41671404375 0 1 0.1177580703125 1
4 0.4453125 0.425 0.034375 0.1015625
4 0.74140625 0.8109375 0.05234375 0.14296875
4 0.4359375 0.54921875 0.040625 0.13359375
4 0.7 0.7609375 0.04921875 0.12578125
4 0.60078125 0.553125 0.04453125 0.12890625
3 0.9546875 0.4375 0.0328125 0.125
4 0.5640625 0.3296875 0.021875 0.09609375
5 0.61953125 0.31484375 0.02109375 0.09765625
4 0.62421875 0.2921875 0.01640625 0.03671875
0 0.6109375 0.61796875 0.021875 0.02734375