1 1 0.4284979390625 0.38049769375000003 0.33674491562500003 0 0.669938878125 0 0.87972766875 0.4684606390625 1 1 1 1 0.4284979390625
4 0.8921875 0.478125 0.04453125 0.1546875
4 0.4671875 0.93046875 0.04140625 0.13359375
4 0.12734375 0.6203125 0.0359375 0.175
4 0.0359375 0.9234375 0.06640625 0.153125
4 0.73984375 0.6703125 0.046875 0.1890625
3 0.24765625 0.4578125 0.04375 0.16484375
4 0.3984375 0.4390625 0.02578125 0.13671875
4 0.584375 0.3390625 0.03046875 0.1328125
4 0.71015625 0.49453125 0.0375 0.14375
0 0.809375 0.6203125 0.0125 0.02265625
4 0.45703125 0.55390625 0.034375 0.1609375
4 0.34375 0.496875 0.02890625 0.13984375
4 0.484375 0.41953125 0.03046875 0.12734375
5 0.840625 0.34921875 0.0421875 0.12578125
2 0.17447919375 0.30795034375 0.084201415625 0.3737664671875 0.083043971875 0.5074553875000001 0.07841436093750001 0.548590428125 0.129918971875 0.5550411484375 0.2103588046875 0.48277435312500006 0.2034143609375 0.3182341390625 0.17447919375 0.30795034375