1 1 1 0.9986979171874999 0.171296296875 0.1263020828125 0.240740740625 0.1419270828125 0.6018518515625 0.16015625 1 1 1
4 0.2984375 0.36796875 0.0515625 0.21875
4 0.84765625 0.5640625 0.0796875 0.19296875
5 0.21875 0.87109375 0.0859375 0.2578125
4 0.696875 0.52109375 0.08515625 0.259375
4 0.25703125 0.39140625 0.0734375 0.2125
3 0.20546875 0.46640625 0.13515625 0.12109375
4 0.884375 0.3296875 0.06875 0.2296875
4 0.81328125 0.471875 0.0671875 0.24765625
4 0.72734375 0.39921875 0.05234375 0.2203125
5 0.98125 0.090625 0.03671875 0.17421875
2 0.1380208328125 0.597222221875 0.1354166671875 0.3078703703125 0.12890625 0.21064814843750002 0.0625 0.20138888906250002 0.05859375 0.328703703125 0.046875 0.5995370375 0.1380208328125 0.597222221875
0 0.12109375 0.4078125 0.01484375 0.028125