1 0.4568866359375 0.999019303125 1 0.8571033578125 0.9997106390624999 0.7186213953125 0.6258680828125 0.38199344687500003 0.004340278125 0.47660409374999996 0 1 0.4568866359375 0.999019303125
4 0.575 0.55625 0.03828125 0.1125
4 0.5953125 0.48203125 0.04453125 0.0953125
4 0.5875 0.39453125 0.046875 0.1234375
4 0.54140625 0.50859375 0.0390625 0.14140625
4 0.2640625 0.759375 0.0390625 0.19921875
4 0.56953125 0.90546875 0.06953125 0.17578125
5 0.3296875 0.3625 0.028125 0.09296875
4 0.56875 0.571875 0.03984375 0.13046875
4 0.52421875 0.50078125 0.04921875 0.1125
4 0.64140625 0.91640625 0.04765625 0.16328125
4 0.46875 0.4140625 0.046875 0.10859375
4 0.5375 0.346875 0.028125 0.09375
3 0.73671875 0.4703125 0.03515625 0.125
4 0.365625 0.38203125 0.0375 0.11796875
2 0.8064236375 0.3675962078125 0.7855903046875 0.3737664671875 0.7751736375 0.52390939375 0.8446180828125 0.5917822375 0.9094328609375 0.5766460875 0.89207175 0.54653370625 0.89207175 0.42929879375 0.8064236375 0.3675962078125