1 0 0.884680134375 0.999554925 0.9292929296875 1 0.36952861875 0.730587121875 0.23148148124999998 0.37168560624999997 0.2272727265625 0 0.4149831640625 0 0.884680134375
4 0.5609375 0.378125 0.04765625 0.184375
4 0.396875 0.3640625 0.0515625 0.13828125
4 0.728125 0.353125 0.046875 0.15703125
4 0.25546875 0.32421875 0.03984375 0.1515625
4 0.58515625 0.3 0.0328125 0.134375
5 0.759375 0.2125 0.0171875 0.07265625
2 0.9120454546874999 0.441077440625 0.8230303031249999 0.3821548828125 0.3253125 0.372053871875 0.24482007499999997 0.42592592656250006 0.275596590625 1 0.8675094703124999 0.9974747468749999 0.9120454546874999 0.441077440625
4 0.3296875 0.54765625 0.0703125 0.2890625
4 0.1328125 0.584375 0.134375 0.3703125
3 0.625 0.71640625 0.19765625 0.26015625
3 0.75078125 0.50859375 0.0859375 0.24765625
5 0.959375 0.27890625 0.0375 0.13515625
4 0.84296875 0.2296875 0.02265625 0.0890625
0 0.69296875 0.49375 0.01484375 0.03671875
2 0.5800189390625 0.1632996625 0.5227272734375 0.1632996625 0.5232007578125 0.2255892265625 0.5800189390625 0.2297979796875 0.5800189390625 0.1632996625