1 1 0.5259661625 0.5460069703125 0.43135551562499996 0.11429397187500001 0.8056845671874999 0.6443866359375 0.9969625828125 1 0.9949058609374999 1 0.5259661625
3 0.25703125 0.7140625 0.05 0.11796875
4 0.2984375 0.5703125 0.0328125 0.10859375
2 0.40480324999999995 0.4210717671875 0.37818286093750003 0.40256099062499995 0.3168403046875 0.4663203453125 0.3168403046875 0.5115688765625 0.3133680828125 0.597952496875 0.3521411953125 0.5936213953125 0.35387730624999997 0.6020660343750001 0.4059606390625 0.55681745625 0.40480324999999995 0.4210717671875
4 0.37421875 0.490625 0.03203125 0.10703125
4 0.28984375 0.58203125 0.03359375 0.0921875
4 0.3265625 0.7046875 0.0640625 0.07578125
4 0.41328125 0.56328125 0.04375 0.12421875
4 0.9046875 0.64140625 0.0375 0.1453125
4 0.54375 0.65390625 0.02578125 0.1515625
4 0.371875 0.5578125 0.04765625 0.07890625
5 0.20859375 0.6578125 0.0453125 0.13828125