1 0.19921875 1 0.9986979171874999 0.858796296875 1 0.19444444375 0.9895833328125001 0.1481481484375 0.00390625 0.25 0 1 0.19921875 1
4 0.7296875 0.34375 0.04296875 0.20859375
4 0.34296875 0.35078125 0.04453125 0.19140625
4 0.459375 0.56171875 0.06171875 0.190625
4 0.58359375 0.40859375 0.05703125 0.196875
4 0.7859375 0.3453125 0.059375 0.20859375
5 0.25390625 0.84609375 0.0703125 0.30703125
5 0.728125 0.103125 0.0375 0.1640625
4 0.66953125 0.63515625 0.07734375 0.2453125
3 0.03203125 0.47890625 0.0609375 0.19140625
4 0.2140625 0.371875 0.071875 0.1921875
0 0.6625 0.69765625 0.01953125 0.0390625