1 0.4578992921875 0.845679053125 0.9231771234374999 0.9969135734375 0.999565959375 0.9938272015624999 0.9996527671875001 0.410493821875 0.430208365625 0.314814828125 0 0.700617278125 0.0013021234374999999 0.7222223109375 0.4578992921875 0.845679053125
4 0.65234375 0.5171875 0.05078125 0.15390625
4 0.5984375 0.57578125 0.04609375 0.134375
4 0.509375 0.4109375 0.0328125 0.1484375
4 0.328125 0.66640625 0.0453125 0.1859375
4 0.1609375 0.6625 0.0375 0.2078125
4 0.375 0.4921875 0.021875 0.159375
4 0.35625 0.43359375 0.03125 0.153125
0 0.40546875 0.4703125 0.015625 0.03515625
2 0.28862845937500003 0.3024691296875 0.2200521234375 0.35185186874999996 0.22526045625000002 0.5030864609375 0.29644095937500003 0.435185203125 0.28862845937500003 0.3024691296875
3 0.271875 0.46171875 0.0609375 0.09140625
5 0.69921875 0.8640625 0.06484375 0.225
5 0.9359375 0.34765625 0.03671875 0.14140625
4 0.59140625 0.47734375 0.03515625 0.17421875