1 1 0.44838686250000004 0.33656578125 0.35421796875 0 0.6597543406249999 0 0.780117153125 0.642636090625 0.9375146781250001 0.8419073984375001 1 1 1 1 0.44838686250000004
4 0.49921875 0.66875 0.0328125 0.15390625
4 0.4859375 0.565625 0.04140625 0.10703125
4 0.4359375 0.62265625 0.05078125 0.11171875
3 0.83203125 0.584375 0.03046875 0.14921875
4 0.37578125 0.484375 0.04296875 0.09921875
4 0.246875 0.51875 0.04140625 0.10390625
3 0.2109375 0.48359375 0.04375 0.1
4 0.3203125 0.41484375 0.04140625 0.0953125
4 0.690625 0.3984375 0.03515625 0.09609375
4 0.05625 0.6078125 0.03671875 0.1265625
5 0.9421875 0.37578125 0.0296875 0.1109375
2 0.1946012546875 0.342644621875 0.172459996875 0.3403299515625 0.10082652031249999 0.39125268125 0.10082652031249999 0.523188840625 0.1419677734375 0.5301769875 0.1425041796875 0.5278181796875 0.20371824218749998 0.47458078125 0.1946012546875 0.342644621875