1 1 0.6121399140625 0.8677661953125 0.4663203453125 0.1061921390625 0.4683770671875 0 0.577385 0.00549769375 0.7707197375 0.5054977468749999 0.78511706875 1 0.768663015625 1 0.6121399140625
4 0.29453125 0.43515625 0.01484375 0.05703125
4 0.4984375 0.4734375 0.01171875 0.06328125
5 0.3609375 0.440625 0.01328125 0.05625
4 0.1140625 0.71171875 0.028125 0.103125
4 0.1859375 0.765625 0.0296875 0.0984375
4 0.16484375 0.63828125 0.01640625 0.07890625
4 0.1328125 0.7265625 0.028125 0.12578125
4 0.5859375 0.53359375 0.0203125 0.08125
4 0.2328125 0.7015625 0.02265625 0.09921875
4 0.70703125 0.50703125 0.0140625 0.08046875
3 0.853125 0.51328125 0.01875 0.0765625
4 0.28203125 0.54609375 0.0171875 0.08359375
4 0.57265625 0.61015625 0.02890625 0.0984375
4 0.075 0.7390625 0.01640625 0.11171875
5 0.8140625 0.68046875 0.025 0.09921875
3 0.1015625 0.56484375 0.03671875 0.07265625
4 0.8890625 0.7671875 0.01875 0.07421875
4 0.15078125 0.5828125 0.015625 0.075
4 0.1703125 0.7234375 0.01640625 0.05859375
2 1 0.4992283609375 0.970775525 0.4745473265625 0.9499421921875 0.4745473265625 0.9510995281250001 0.552703965625 0.9835069703125001 0.5917822375 1 0.5917822375 1 0.4992283609375
2 0 0.5835552578125001 0.025173637500000002 0.552703965625 0.0124421390625 0.4642635765625 0.0008680562500000001 0.4704338359375 0 0.519795903125 0 0.5835552578125001