1 0.378819434375 0.8876543531250001 0.6482639625 0.9493827109374999 0.830208365625 0.9987654640624999 0.9982639624999999 1 1 0.45493826718749997 0.3121527671875 0.3691358359375 0 0.6530864140625 0.0024305656249999997 0.8061728718750001 0.378819434375 0.8876543531250001
4 0.4625 0.53203125 0.046875 0.14296875
4 0.41953125 0.44296875 0.03203125 0.14296875
4 0.54296875 0.375 0.028125 0.140625
4 0.8671875 0.45546875 0.0421875 0.1484375
4 0.23515625 0.47890625 0.0484375 0.13671875
4 0.3109375 0.72265625 0.0640625 0.1765625
4 0.3046875 0.6046875 0.065625 0.0625
4 0.28359375 0.53828125 0.04921875 0.10703125
5 0.19140625 0.81953125 0.046875 0.2
5 0.9234375 0.3875 0.03203125 0.11640625
2 0.105208365625 0.40864197031250005 0.1121527671875 0.5493827109375 0.17743056562499998 0.49259260625 0.1704861 0.3592592734375 0.105208365625 0.40864197031250005
3 0.16640625 0.5078125 0.04140625 0.1171875
4 0.40625 0.84375 0.04609375 0.23046875
0 0.28828125 0.7578125 0.0171875 0.04296875