1 1 0.50679011875 0.9593750312499999 0.3814814953125 0.0010416984375 0.38395065 0.0010416984375 1 1 0.9987654640624999 1 0.50679011875
4 0.28671875 0.528125 0.0703125 0.225
4 0.02421875 0.6125 0.04765625 0.20859375
0 0.03203125 0.69453125 0.02734375 0.05
4 0.48515625 0.60703125 0.04609375 0.175
4 0.8375 0.571875 0.059375 0.178125
4 0.74296875 0.609375 0.08515625 0.2015625
4 0.67421875 0.41953125 0.06171875 0.21484375
4 0.98046875 0.85078125 0.0390625 0.2484375
3 0.43203125 0.365625 0.05234375 0.15078125
2 0.3732639 0.20370371718750002 0.375694434375 0.3808641921875 0.5357639625 0.379012340625 0.5357639625 0.20370371718750002 0.3732639 0.20370371718750002