1 1 1 0.997395859375 0.3696529296875 0.4939236375 0.27915581875 0.00144675 0.7001028765624999 0 0.8397926218749999 0.595775525 1 1 1
0 0.25078125 0.784375 0.01328125 0.02578125
4 0.76015625 0.30234375 0.06015625 0.14765625
4 0.821875 0.5375 0.0515625 0.1859375
4 0.34765625 0.39765625 0.05234375 0.15078125
4 0.41328125 0.4359375 0.059375 0.15703125
4 0.43203125 0.6671875 0.078125 0.1921875
3 0.246875 0.46640625 0.0703125 0.14921875
2 0.221875 0.37421875 0.15 0.28046875
4 0.35 0.5359375 0.07578125 0.14921875
5 0.53984375 0.228125 0.02890625 0.14375
4 0.278125 0.7484375 0.05859375 0.184375
5 0.72734375 0.90078125 0.059375 0.19375