1 0.998553303125 0.4210717671875 0.5124421921875 0.3449718953125 0.0040509171875 0.7602880625 0.0031828609374999995 0.8077412875000001 0.6177661953125 0.9969625828125 1 1 0.998553303125 0.4210717671875
2 0.2184606390625 0.3655394390625 0.2230903046875 0.5362499109375001 0.26707175 0.5396090499999999 0.34230325 0.47660409374999996 0.3446180828125 0.32029086093750003 0.3133680828125 0.3017800859375 0.2184606390625 0.3655394390625
4 0.29296875 0.4875 0.046875 0.15234375
4 0.6359375 0.36953125 0.025 0.125
4 0.40546875 0.45703125 0.03828125 0.12421875
4 0.91328125 0.5453125 0.04140625 0.1640625
4 0.440625 0.43125 0.03203125 0.1453125
5 0.6 0.28203125 0.02890625 0.1359375
4 0.71953125 0.37421875 0.053125 0.1328125
4 0.8484375 0.48828125 0.0328125 0.15234375
0 0.315625 0.5390625 0.01640625 0.02734375