1 0.11354563437500001 1 0.9132357203125 0.7361384328125 0.9154052734375 0.7199918015625 0.514998259375 0.37504999375 0.001536925 0.4722661125 0 1 0.11354563437500001 1
4 0.55234375 0.48671875 0.0421875 0.0875
4 0.596875 0.55703125 0.02265625 0.11953125
4 0.9109375 0.6765625 0.040625 0.153125
5 0.5234375 0.34296875 0.01953125 0.0890625
4 0.62578125 0.63125 0.0296875 0.13515625
5 0.575 0.775 0.0671875 0.1765625
4 0.6703125 0.53828125 0.0234375 0.11328125
4 0.028125 0.6546875 0.02265625 0.15390625
4 0.54609375 0.44765625 0.02578125 0.06328125
3 0.64296875 0.49765625 0.03359375 0.075
2 0.6644721921875 0.36347664687500003 0.6488430703125 0.3773646625 0.6423309359375 0.48846879843749996 0.6957304359375 0.5463355359375 0.7488080515625 0.5363498265625 0.7348032421874999 0.5139301625 0.7321983890625 0.40977003593749994 0.6644721921875 0.36347664687500003