1 1 0.4953703703125 0.4296875 0.40046296249999996 0 0.7893518515625 0 0.8055555562500001 0.6080729171875 0.9976851859375 1 1 1 0.4953703703125
4 0.446875 0.50625 0.02734375 0.109375
4 0.6671875 0.521875 0.02890625 0.11953125
4 0.51953125 0.6125 0.03515625 0.13515625
5 0.1328125 0.853125 0.05390625 0.17109375
4 0.83359375 0.73046875 0.03984375 0.1609375
5 0.48203125 0.36875 0.028125 0.09375
3 0.3109375 0.49921875 0.03125 0.1109375
4 0.940625 0.52109375 0.02265625 0.1328125
4 0.61875 0.44921875 0.03984375 0.0890625
4 0.56015625 0.4625 0.05 0.07109375
4 0.47109375 0.5890625 0.0296875 0.12265625
5 0.77109375 0.921875 0.0484375 0.1046875
2 0.2903645828125 0.3981481484375 0.2682291671875 0.3865740734375 0.1927083328125 0.4375 0.19921875 0.58101851875 0.23307291718749998 0.590277778125 0.296875 0.534722221875 0.2903645828125 0.3981481484375
0 0.61015625 0.5046875 0.0140625 0.0234375