1 1 0.4190658765625 0.207625521875 0.3403299515625 0 0.5347621874999999 0 0.8217812046875 0.5423492234375 0.9213119921875 0.9643355218749999 1 1 0.995381415625 1 0.4190658765625
5 0.84921875 0.34765625 0.01953125 0.10625
4 0.45859375 0.6953125 0.04296875 0.1734375
4 0.53671875 0.50625 0.04375 0.11640625
4 0.0234375 0.575 0.03984375 0.13046875
3 0.8328125 0.53046875 0.03828125 0.1421875
4 0.4296875 0.47734375 0.0515625 0.1140625
0 0.225 0.403125 0.03671875 0.09921875
4 0.265625 0.5734375 0.0375 0.13046875
4 0.68984375 0.37265625 0.046875 0.090625
3 0.10234375 0.47734375 0.04921875 0.10859375
4 0.2671875 0.44609375 0.04453125 0.096875
4 0.82890625 0.50546875 0.02734375 0.05703125
5 0.15625 0.96875 0.040625 0.0625
2 0 0.41290830156249997 0.000539653125 0.551788471875 0.07686360625000001 0.4685103203125 0.060451289062500004 0.338838878125 0.0344027515625 0.3295802 0 0.3550415640625 0 0.41290830156249997