1 1 0.46300743437499997 0.9978705515625 0.4514732828125 0.26232745 0.35884730781249996 0.0760804109375 0.5463355359375 0 0.620404959375 0 0.8078931875 0.9005166062500001 1 1 1 1 0.46300743437499997
5 0.69453125 0.8796875 0.05390625 0.19453125
4 0.4390625 0.4359375 0.0296875 0.11171875
4 0.69296875 0.4890625 0.03828125 0.1328125
4 0.4078125 0.78203125 0.0640625 0.13515625
4 0.396875 0.4515625 0.03671875 0.10859375
5 0.06015625 0.80546875 0.0578125 0.165625
4 0.51875 0.6046875 0.03828125 0.13671875
5 0.33359375 0.86953125 0.04140625 0.19609375
3 0.140625 0.49140625 0.03359375 0.11640625
4 0.3859375 0.5203125 0.040625 0.11484375
4 0.88671875 0.6484375 0.04609375 0.15078125
4 0.365625 0.74609375 0.04296875 0.09609375
5 0.38515625 0.328125 0.03046875 0.1
2 0.12557263125 0.3519032984375 0.10343137499999999 0.3403299515625 0.0278906171875 0.39588201875 0.0213080515625 0.5301769875 0.059148860937500006 0.5463355359375 0.128177484375 0.48846879843749996 0.12557263125 0.3519032984375