1 0.8315833328125001 0.432472221875 0.6194010421875 0.44867592656250005 0.2350989578125 0.4746018515625 0.00022395781249999998 0.488490740625 0 0.9259074078125 0.331125 0.8754629625 0.6584010421875 0.8365740734375 1 0.80601851875 0.9992552078125 0.5931018515625001 0.9380677078125 0.5338425921875001 0.8315833328125001 0.432472221875
4 0.01328125 0.603125 0.0265625 0.11171875
5 0.1984375 0.83984375 0.06484375 0.1359375
5 0.34921875 0.52578125 0.0328125 0.109375
4 0.459375 0.61796875 0.03828125 0.1234375
4 0.625 0.634375 0.028125 0.125
4 0.690625 0.446875 0.03515625 0.084375
4 0.7109375 0.425 0.0203125 0.0765625
5 0.68046875 0.3921875 0.0203125 0.08359375
0 0.72578125 0.4328125 0.00703125 0.015625
4 0.8609375 0.53203125 0.03828125 0.10703125
4 0.840625 0.51875 0.03515625 0.09453125
4 0.9046875 0.50625 0.03203125 0.0953125
3 0.99921875 0.46944444374999994 0.9484375 0.43333333281249997 0.9419270828125 0.5375 0.9953125 0.5888888890625 0.9994791671875 0.5319444437499999 0.99921875 0.46944444374999994
4 0.86875 0.7828125 0.05 0.14453125