1 1 0.3449718953125 0.00144675 0.397633740625 0 1 0.997395859375 0.9311464609375 1 0.3449718953125
0 0.60859375 0.42109375 0.01484375 0.01875
4 0.55 0.45078125 0.05625 0.134375
5 0.7109375 0.29375 0.02578125 0.12265625
4 0.759375 0.50546875 0.03515625 0.121875
4 0.628125 0.378125 0.04140625 0.1046875
4 0.23671875 0.453125 0.04453125 0.1234375
5 0.20546875 0.88828125 0.07578125 0.22265625
4 0.68515625 0.4265625 0.04140625 0.13984375
4 0.71015625 0.42734375 0.03125 0.12421875
4 0.66953125 0.378125 0.0375 0.0984375