1 0 0.784197528125 0.17361111093749998 0.8142386937499999 0.3506666671875 0.8471604921875 0.5819803171875 0.8952469109375001 0.7606736109375001 0.93722221875 0.9993912109374999 0.9978641953125 0.998928234375 0.46379423906249995 0.5630613390625 0.41646913281250003 0.298614578125 0.3835473265625 0.28240045625 0.3811728375 0.16237731093750002 0.492489715625 0.01874305 0.6263971234375 0 0.6440925890625 0 0.784197528125
5 0.61015625 0.8703125 0.05 0.20390625
4 0.46171875 0.83828125 0.0421875 0.18515625
4 0.415625 0.82578125 0.0375 0.18515625
4 0.3703125 0.8265625 0.03203125 0.16796875
4 0.3203125 0.82890625 0.0328125 0.1859375
4 0.29921875 0.73984375 0.0484375 0.196875
4 0.71953125 0.428125 0.03203125 0.11953125
5 0.67890625 0.37734375 0.0328125 0.11015625
4 0.3296875 0.50078125 0.03125 0.12421875
4 0.3125 0.5171875 0.03515625 0.090625
4 0.29140625 0.54453125 0.0453125 0.11484375
4 0.29140625 0.62265625 0.03515625 0.13125
2 0.0950810171875 0.41800411562499995 0.1013310171875 0.5498971187499999 0.1605902828125 0.49457819374999995 0.15503472812500002 0.371532921875 0.0950810171875 0.41800411562499995
3 0.13515625 0.4828125 0.04296875 0.08671875
0 0.10859375 0.41953125 0.009375 0.015625
4 0.8984375 0.6921875 0.059375 0.18515625