1 1 0.509259259375 0.4609375 0.3958333328125 0.015625 0.8009259265625 0.640625 1 1 1 1 0.509259259375
5 0.490625 0.36171875 0.02109375 0.09296875
4 0.61953125 0.50859375 0.0296875 0.1234375
4 0.5875 0.49453125 0.0453125 0.07265625
4 0.4375 0.4796875 0.03203125 0.09921875
4 0.4140625 0.571875 0.03359375 0.14140625
3 0.3515625 0.459375 0.03359375 0.11953125
5 0.171875 0.853125 0.0546875 0.17734375
4 0.85234375 0.66640625 0.0328125 0.14375
4 0.921875 0.53359375 0.02265625 0.13125
5 0.73359375 0.9171875 0.05 0.13671875
2 0.22470238125000003 0.5793650796875001 0.2581845234375 0.5886243390625 0.3229166671875 0.5357142859375 0.31845238125 0.4007936515625 0.296130953125 0.3888888890625 0.221726190625 0.4365079359375 0.22470238125000003 0.5793650796875001