1 1 0.4735449734375 0.46211512343749994 0.378317775 0 0.7857142859375 0 0.8333333328125001 0.531369046875 0.9986772484375 1 1 1 0.4735449734375
4 0.6140625 0.92890625 0.0453125 0.1390625
4 0.42109375 0.915625 0.053125 0.15625
4 0.19609375 0.74140625 0.0234375 0.15
2 0.1994047625 0.5582010578125 0.23363095312499998 0.578042328125 0.3125 0.5105820109375 0.3050595234375 0.3664021171875 0.2760416671875 0.353174603125 0.1949404765625 0.4074074078125 0.1994047625 0.5582010578125
3 0.2984375 0.52421875 0.04375 0.115625
4 0.35625 0.56328125 0.03359375 0.1203125
4 0.5828125 0.63671875 0.03203125 0.15
4 0.5265625 0.5640625 0.034375 0.134375
4 0.62890625 0.5203125 0.0546875 0.1296875
5 0.378125 0.46328125 0.0375 0.08671875
4 0.83359375 0.4703125 0.0453125 0.1265625
5 0.83671875 0.3765625 0.0265625 0.1328125
4 0.36875 0.4203125 0.01796875 0.06640625
4 0.89140625 0.646875 0.0375 0.16875