1 1 0.8333545515624999 0.4642036125 0.3611619765625 0 0.4398607390625 0 1 0.6217972609375 1 1 0.8935359578125001 1 0.8333545515624999
5 0.33984375 0.90625 0.0828125 0.18515625
4 0.28125 0.5046875 0.05703125 0.1734375
4 0.5515625 0.4796875 0.04296875 0.14921875
4 0.41328125 0.62421875 0.0484375 0.171875
3 0.496875 0.55390625 0.034375 0.165625
4 0.33046875 0.45625 0.03671875 0.1546875
4 0.609375 0.62421875 0.07109375 0.20703125
4 0.4125 0.76484375 0.05703125 0.2
4 0.31640625 0.5265625 0.04765625 0.15390625
5 0.52109375 0.315625 0.034375 0.1421875
4 0.95625 0.6890625 0.059375 0.1984375
5 0.7859375 0.88984375 0.05625 0.19921875
2 0.7819957640624999 0.40514069687500004 0.6817088953125 0.3357006125 0.6517530781249999 0.3472739609375 0.64524094375 0.51161549375 0.7338059703125 0.5972582640625 0.79561360625 0.5733868625 0.7806933359375 0.5602235531249999 0.7754836296875001 0.51161549375 0.7819957640624999 0.40514069687500004
0 0.671875 0.5046875 0.01640625 0.0328125