4 0.31484375 0.759375 0.0390625 0.18125
4 0.5203125 0.61953125 0.03828125 0.15703125
4 0.34296875 0.55703125 0.0359375 0.128125
4 0.62265625 0.41484375 0.02734375 0.1140625
4 0.253125 0.6578125 0.0453125 0.1515625
5 0.48671875 0.84921875 0.0421875 0.178125
5 0.1796875 0.3453125 0.03515625 0.096875
3 0.878125 0.4328125 0.021875 0.1203125
4 0.72578125 0.82578125 0.06328125 0.17421875
4 0.2421875 0.35703125 0.03515625 0.10234375
4 0.3515625 0.38984375 0.02421875 0.10859375
4 0.6703125 0.4125 0.02578125 0.12734375