5 0.3265625 0.853125 0.03515625 0.190625
4 0.36015625 0.53671875 0.03828125 0.1390625
4 0.53359375 0.80546875 0.03125 0.1734375
4 0.39296875 0.60078125 0.0421875 0.15078125
4 0.671875 0.503125 0.03203125 0.14375
4 0.6421875 0.40078125 0.02734375 0.10546875
4 0.5890625 0.41875 0.03125 0.1203125
4 0.1203125 0.528125 0.040625 0.14453125
5 0.309375 0.29609375 0.02421875 0.10078125
4 0.7359375 0.51015625 0.06484375 0.109375
4 0.69453125 0.44453125 0.04375 0.1015625
3 0.69296875 0.37890625 0.0234375 0.06953125