1 0.7700595234375001 0.997354496875 0.9999702375 1 0.9992261906250001 0.424603175 0.4203869046875 0.3267195765625 0.0006845234375 0.7116402125 0 0.7632275125 0.7700595234375001 0.997354496875
4 0.57890625 0.9 0.04375 0.196875
5 0.4859375 0.90078125 0.04375 0.1875
4 0.3734375 0.503125 0.0234375 0.13671875
4 0.43828125 0.56640625 0.02734375 0.14375
4 0.30546875 0.39765625 0.02578125 0.11171875
4 0.79453125 0.596875 0.04375 0.15859375
4 0.78203125 0.75703125 0.05078125 0.15390625
4 0.4859375 0.53203125 0.021875 0.1625
4 0.1671875 0.54921875 0.0421875 0.1546875
3 0.63203125 0.53203125 0.025 0.1765625
5 0.98515625 0.36796875 0.028125 0.11875
3 0.2890625 0.4609375 0.06015625 0.07421875
2 0.2514880953125 0.309523809375 0.1696428578125 0.36375661406250004 0.17633928593749998 0.5105820109375 0.21056547656250002 0.51984126875 0.2797619046875 0.45899470937500003 0.2738095234375 0.31878306875 0.2514880953125 0.309523809375