1 0.6126802734375 0.9976960859374999 1 0.877333271875 0.9968961937499999 0.8032638484374999 0.5032764171874999 0.365791315625 0.000539653125 0.4514340875 0 0.9930667468750001 0.6126802734375 0.9976960859374999
4 0.24453125 0.490625 0.05625 0.16171875
4 0.403125 0.625 0.03359375 0.1859375
4 0.28359375 0.4515625 0.04921875 0.1484375
4 0.4890625 0.659375 0.06640625 0.1796875
4 0.1546875 0.50703125 0.05625 0.15625
4 0.5125 0.59296875 0.0625 0.12421875
5 0.4671875 0.903125 0.08671875 0.1734375
4 0.45703125 0.70546875 0.0421875 0.1890625
3 0.4828125 0.56484375 0.04609375 0.09296875
5 0.5578125 0.32578125 0.03515625 0.1390625
4 0.60703125 0.9421875 0.04765625 0.11484375
2 0.71557199375 0.3380152828125 0.6856161765625 0.3519032984375 0.6817088953125 0.5139301625 0.7637617875 0.59031425625 0.8103705515625 0.5733868625 0.7989273125 0.5069861546875 0.8041370203125 0.40514069687500004 0.71557199375 0.3380152828125