2 0.9278675703125 0.067198953125 0.9317748515625001 0.1736737484375 0.9096335953124999 0.4676367734375 0.9981986203125001 0.47458078125 0.9968961937499999 0.0625696140625 0.936984559375 0.0741429609375 0.9278675703125 0.067198953125
1 0 0.877333271875 0.9044238874999999 0.9722347203125 0.9232177734375 0.11813995 0 0.057940275 0 0.877333271875
3 0.821875 0.35234375 0.08125 0.253125
4 0.721875 0.4015625 0.05234375 0.2625
4 0.65546875 0.28125 0.1046875 0.1875
3 0.70078125 0.28125 0.00078125 0.0015625
4 0.56484375 0.396875 0.05078125 0.28515625
4 0.4625 0.525 0.05390625 0.24609375
4 0.40703125 0.50546875 0.0625 0.303125
4 0.6609375 0.15703125 0.0703125 0.09296875
4 0.84921875 0.7875 0.103125 0.41015625