1 1 0.7107325421875 0.6217972609375 0.3734808609375 0 0.46300743437499997 0 1 0.41601381875000004 0.9938122828125 1 0.8364147578125 1 0.7107325421875
3 0.71484375 0.48828125 0.03671875 0.15234375
4 0.3015625 0.46328125 0.03046875 0.1359375
4 0.478125 0.6859375 0.03046875 0.1796875
4 0.4453125 0.6859375 0.0375 0.14765625
5 0.66875 0.340625 0.025 0.121875
5 0.6140625 0.8453125 0.03984375 0.184375
4 0.0984375 0.690625 0.03359375 0.16875
4 0.328125 0.45859375 0.02890625 0.13046875
4 0.49609375 0.69765625 0.028125 0.13984375
2 0.7989273125 0.357278175 0.7780884828125 0.3619075140625 0.772878775 0.505417021875 0.8353952640625 0.565598428125 0.8989122171874999 0.5625535296875 0.8809802046874999 0.535507725 0.884887484375 0.4151449125 0.7989273125 0.357278175
0 0.396875 0.609375 0.02265625 0.03671875