5 0.83046875 0.7234375 0.034375 0.11484375
4 0.63203125 0.46015625 0.0328125 0.07265625
4 0.546875 0.4703125 0.02265625 0.08828125
4 0.053125 0.49140625 0.028125 0.09453125
4 0.0984375 0.5734375 0.03828125 0.11015625
5 0.896875 0.7703125 0.03828125 0.13046875
5 0.5875 0.7625 0.03828125 0.125
4 0.5375 0.54140625 0.0296875 0.0953125
5 0.03125 0.89609375 0.0375 0.15390625
4 0.628125 0.771875 0.02578125 0.1265625
4 0.28125 0.4984375 0.01796875 0.08984375
5 0.35078125 0.38671875 0.02109375 0.06640625
4 0.2828125 0.44375 0.02109375 0.0875
3 0.76875 0.4890625 0.02421875 0.07421875