1 0.0018420796875 0.738453103125 1 0.8449278984375 0.9955937671875 0.1898764359375 0.774181203125 0.05562560625 0.3925701359375 0.0440522578125 0.000539653125 0.23385515625000003 0.0018420796875 0.738453103125
4 0.715625 0.1125 0.03203125 0.1328125
2 0.13468961875000002 0.27551920625 0.1972061078125 0.5555942140625 0.1867866921875 0.9907520765625 0.8262782765625 0.9791787281250001 0.8867594406249999 0.3187572328125 0.7989273125 0.24079916406250002 0.25060560781249996 0.21765246875000002 0.13468961875000002 0.27551920625
4 0.44375 0.26015625 0.06328125 0.17734375
4 0.78203125 0.1921875 0.03828125 0.1765625
4 0.825 0.24375 0.06015625 0.22421875
4 0.56171875 0.096875 0.02421875 0.12109375
4 0.26640625 0.22109375 0.07890625 0.19375
4 0.1609375 0.1828125 0.05078125 0.1953125
4 0.29765625 0.2046875 0.0453125 0.20859375
3 0.59453125 0.03515625 0.02109375 0.06875
5 0.8265625 0.03671875 0.01796875 0.07265625
4 0.8890625 0.059375 0.02890625 0.096875
3 0.3484375 0.6171875 0.31640625 0.24609375
0 0.38359375 0.74921875 0.040625 0.0859375