1 1 0.531893 0.5228588578125 0.435469053125 0.1374421390625 0.7748332734375001 0.5552661953125 0.9249762015625 0.76707175 1 1 1 1 0.531893
4 0.44375 0.5109375 0.03671875 0.0890625
4 0.2 0.61171875 0.02890625 0.09765625
4 0.8734375 0.65625 0.02578125 0.13828125
4 0.5421875 0.60234375 0.03828125 0.12109375
4 0.56875 0.675 0.03203125 0.13984375
5 0.18046875 0.709375 0.040625 0.128125
4 0.41171875 0.53203125 0.03046875 0.0875
4 0.32890625 0.678125 0.05546875 0.071875
4 0.28046875 0.7 0.05 0.06015625
2 0.38049769375000003 0.4149015078125 0.314525471875 0.4622068078125 0.31568286093750003 0.5547606875 0.3064236375 0.5876687953124999 0.34693286093750003 0.5876687953124999 0.40248841718749995 0.5383066796875 0.3978588046875 0.4190149984375 0.38049769375000003 0.4149015078125