1 0.9986979171874999 0.8819444437499999 1 0.3703703703125 0.8203125 0.009259259374999999 0 0 0.0026041671875 0.9259259265625 0.9986979171874999 0.8819444437499999
2 0.515625 0.6458333328125 0.4934895828125 0.590277778125 0.2265625 0.578703703125 0.20182291718749998 0.6574074078125001 0.20572916718749998 0.9143518515625001 0.50390625 0.8958333328125001 0.515625 0.6458333328125
4 0.40703125 0.73125 0.0609375 0.25625
4 0.41328125 0.43359375 0.06171875 0.21796875
4 0.16953125 0.38125 0.03828125 0.21796875
4 0.3640625 0.253125 0.04921875 0.184375
3 0.45546875 0.71640625 0.0625 0.27734375
4 0.61640625 0.72421875 0.046875 0.2640625
4 0.51796875 0.63359375 0.03125 0.25703125
4 0.63828125 0.790625 0.05703125 0.1921875
5 0.9765625 0.2484375 0.03359375 0.20390625
4 0.26484375 0.7828125 0.071875 0.14765625