1 0 0.9116769546875 0.5284455125 0.8220916421875 0.9991987171875 0.7615503328125001 0.9997106484374999 0.6627057609375 0.7633101859375 0.435853909375 0 0.501183128125 0 0.9116769546875
2 0.89296875 0.4984375 0.071875 0.1515625
3 0.88671875 0.521875 0.028125 0.07109375
4 0.840625 0.503125 0.021875 0.08671875
4 0.85703125 0.51953125 0.01796875 0.046875
4 0.7703125 0.44296875 0.02734375 0.0640625
4 0.76953125 0.4625 0.015625 0.03125
4 0.6609375 0.53984375 0.02421875 0.0703125
4 0.58125 0.53828125 0.02109375 0.08828125
4 0.4109375 0.50703125 0.02265625 0.09296875
4 0.08828125 0.60546875 0.04453125 0.1015625
5 0.70234375 0.39140625 0.01953125 0.0671875
5 0.93515625 0.74296875 0.034375 0.12890625
5 0.37890625 0.7828125 0.05546875 0.11796875