1 0 0.8958506281249999 0.4615987578125 0.9444586875000001 0.866653509375 0.9976960859374999 1 1 0.9961344406249999 0.406720196875 0.044822165625 0.3403299515625 0 0.38893801093749997 0 0.8958506281249999
4 0.60546875 0.73984375 0.06328125 0.159375
4 0.90703125 0.6625 0.04921875 0.16015625
4 0.7359375 0.82578125 0.0625 0.146875
4 0.39140625 0.45234375 0.03359375 0.08515625
4 0.13203125 0.81796875 0.05703125 0.20859375
4 0.81171875 0.4328125 0.05 0.10546875
4 0.50078125 0.44453125 0.0375 0.0953125
3 0.009375 0.4734375 0.01796875 0.0921875
4 0.61015625 0.70234375 0.02421875 0.04453125
4 0.72734375 0.8078125 0.02421875 0.06875
5 0.12265625 0.77578125 0.034375 0.06875