1 1 0.4398607390625 0.39126770781250003 0.3472739609375 0.007051787499999999 0.6944743828125 0.000539653125 0.7453971109374999 0.8484195328125 1 1 1 1 0.4398607390625
4 0.584375 0.6890625 0.05078125 0.13046875
4 0.44765625 0.54453125 0.0390625 0.134375
4 0.49453125 0.53984375 0.04609375 0.140625
4 0.33828125 0.50234375 0.0375 0.14765625
4 0.31875 0.71796875 0.09140625 0.19140625
3 0.25546875 0.47421875 0.034375 0.128125
5 0.46640625 0.31328125 0.03046875 0.10234375
4 0.81328125 0.73671875 0.0453125 0.17890625
5 0.67578125 0.8625 0.04609375 0.1796875
4 0.9109375 0.540625 0.03828125 0.146875
2 0.2284643515625 0.32644193593750004 0.1581333015625 0.381994003125 0.1555284484375 0.4930981375 0.1529235953125 0.520874171875 0.19405110625 0.5209177281249999 0.2610250234375 0.4676367734375 0.2545128890625 0.3357006125 0.2284643515625 0.32644193593750004
0 0.3984375 0.78359375 0.01484375 0.03046875