1 1 0.5087448515624999 0.401331028125 0.4149015078125 0 0.7912873281249999 0.002025471875 0.8365358609375001 0.6304977468749999 1 1 1 1 0.5087448515624999
4 0.6125 0.42265625 0.03125 0.1078125
4 0.6265625 0.54765625 0.03671875 0.10859375
4 0.559375 0.46640625 0.02734375 0.10390625
4 0.8109375 0.4234375 0.02265625 0.11171875
4 0.77265625 0.72109375 0.03515625 0.16484375
3 0.2921875 0.5109375 0.02578125 0.121875
4 0.384375 0.5515625 0.03359375 0.121875
4 0.3546875 0.53046875 0.034375 0.1125
4 0.39921875 0.48203125 0.02578125 0.121875
4 0.37421875 0.45546875 0.03203125 0.075
4 0.8015625 0.496875 0.0359375 0.1375
2 0.23350697031249998 0.3902204734375 0.158275471875 0.44575280156249997 0.1559606390625 0.5362499109375001 0.151331028125 0.579441721875 0.1984953609375 0.58744855625 0.26012730624999997 0.54242016875 0.25549769375000003 0.40667448124999994 0.23350697031249998 0.3902204734375