1 0 0 0 0.9012345671875 1 0.88580246875 0.9981944437499999 0.88580246875 0.9964583328125001 0.09567901250000001 0.9461111109375 0 0 0
3 0.7046875 0.7625 0.06015625 0.11796875
4 0.36640625 0.54765625 0.05859375 0.215625
4 0.40546875 0.4078125 0.04609375 0.22265625
4 0.5765625 0.55390625 0.0609375 0.19921875
4 0.63203125 0.5234375 0.07578125 0.2265625
4 0.3484375 0.31328125 0.04453125 0.21640625
4 0.721875 0.6546875 0.071875 0.26328125
4 0.81796875 0.74921875 0.06328125 0.26328125
4 0.34921875 0.18671875 0.04765625 0.11171875
0 0.76796875 0.62890625 0.0234375 0.03203125
2 0.6136458328125001 0.6265432109375 0.5876041671875 0.566358025 0.31850694375 0.5740740734374999 0.29680555625 0.6311728390625 0.29680555625 0.8888888890625 0.604965278125 0.8827160484375 0.6136458328125001 0.6265432109375