5 0.43359375 0.26640625 0.03359375 0.11015625
1 1 0.403439153125 0.4449404765625 0.309523809375 0 0.703703703125 0.0014583328125 0.791005290625 0.6695982140625001 0.9986772484375 1 0.99470899375 1 0.403439153125
3 0.34140625 0.43359375 0.03828125 0.1125
4 0.30625 0.39453125 0.01953125 0.1203125
4 0.1984375 0.534375 0.0203125 0.153125
4 0.2890625 0.5578125 0.03125 0.146875
4 0.52109375 0.52265625 0.02890625 0.121875
4 0.5359375 0.65859375 0.04296875 0.153125
4 0.57890625 0.63046875 0.065625 0.1359375
4 0.8828125 0.5625 0.053125 0.1375
5 0.55859375 0.8859375 0.03671875 0.21015625
4 0.5265625 0.903125 0.04375 0.1796875
4 0.48046875 0.90703125 0.03671875 0.16171875
5 0.32109375 0.8890625 0.04453125 0.20078125
5 0.41796875 0.95078125 0.0390625 0.09375
2 0.21205357187499999 0.5238095234375 0.28794642812500004 0.45767195781250003 0.2834821421875 0.309523809375 0.281994046875 0.30423280468749997 0.25669642812500004 0.2896825390625 0.1733630953125 0.3505291015625 0.1696428578125 0.5066137562499999 0.21205357187499999 0.5238095234375