1 0.152430565625 1 0.4482639625 0.933333346875 0.8065972968749999 0.8666666812500001 0.9982639624999999 0.8370370515625 0.9996527671875001 0.5401234515625 0.78437503125 0.3506172890625 0 0.4370370515625 0.0024305656249999997 1 0.152430565625 1
4 0.40625 0.43984375 0.05078125 0.12109375
4 0.503125 0.4625 0.04921875 0.1296875
4 0.63125 0.47734375 0.05 0.14453125
4 0.52109375 0.87265625 0.0515625 0.21328125
4 0.35078125 0.3640625 0.03671875 0.09921875
4 0.4203125 0.7390625 0.071875 0.19375
4 0.4109375 0.61484375 0.03671875 0.08671875
4 0.3203125 0.70078125 0.053125 0.16171875
4 0.29921875 0.63046875 0.03203125 0.06953125
5 0.09296875 0.359375 0.03515625 0.1234375
5 0.3359375 0.93359375 0.06015625 0.13203125
5 0.98046875 0.83359375 0.0390625 0.2046875
2 1 0.3876543265625 0.941319434375 0.3382716 0.935069434375 0.4808641921875 1 0.5456790078125 1 0.3876543265625
2 0.859375 0.46484375 0.04765625 0.1609375