4 0.4484375 0.5296875 0.0296875 0.12578125
4 0.36640625 0.5171875 0.03203125 0.11328125
4 0.3953125 0.53828125 0.03046875 0.14609375
4 0.60625 0.50625 0.02578125 0.13359375
5 0.41875 0.3515625 0.028125 0.103125
4 0.634375 0.5078125 0.0328125 0.1109375
3 0.69921875 0.49609375 0.0359375 0.1
4 0.78203125 0.87109375 0.03984375 0.1921875
4 0.5265625 0.49921875 0.02265625 0.1234375
4 0.509375 0.521875 0.03828125 0.12890625
4 0.8703125 0.85390625 0.05390625 0.18359375
5 0.28828125 0.92578125 0.04375 0.1484375
5 0.509375 0.84140625 0.05703125 0.18828125
4 0.5734375 0.87734375 0.03515625 0.1796875
4 0.85390625 0.76953125 0.0578125 0.16953125