1 1 1 0.9982638890625 0.43518518593750005 0.234565971875 0.3487654328125 0.0036631937500000004 0.5540123453125 0.00019097187499999998 0.8456790125 0.7491319437499999 1 1 1
4 0.4171875 0.52890625 0.03125 0.1375
4 0.54453125 0.52421875 0.02734375 0.13125
4 0.909375 0.50234375 0.03203125 0.13359375
4 0.73671875 0.525 0.034375 0.13046875
4 0.446875 0.74453125 0.0515625 0.1703125
5 0.078125 0.7453125 0.034375 0.16796875
3 0.09296875 0.46875 0.03125 0.11640625
4 0.428125 0.8859375 0.0359375 0.19921875
4 0.29765625 0.54921875 0.05078125 0.1046875
4 0.2265625 0.853125 0.04453125 0.20390625
4 0.47109375 0.5265625 0.0359375 0.128125
5 0.40390625 0.89921875 0.03984375 0.20078125
4 0.45546875 0.4234375 0.0265625 0.0921875
5 0.725 0.35234375 0.02578125 0.10703125
0 0.52109375 0.58828125 0.01015625 0.021875
2 0.0026041671875 0.54783950625 0.015625 0.549382715625 0.08420138906249999 0.4645061734375 0.08072916718749999 0.34722222187499996 0.055555556250000006 0.3425925921875 0 0.38580246875 0.0026041671875 0.54783950625