1 1 0.796296296875 0.9973958328125001 0.7361111109375 0.48828125 0.3009259265625 0 0.3796296296875 0.0013020828125 1 0.36328125 0.9976851859375 1 0.796296296875
4 0.54609375 0.3953125 0.03671875 0.14921875
4 0.6390625 0.41796875 0.0390625 0.13984375
4 0.35546875 0.590625 0.04765625 0.19140625
4 0.346875 0.4625 0.025 0.15
4 0.59609375 0.36875 0.06328125 0.13671875
2 0.78515625 0.5046296296875 0.7838541671875 0.3356481484375 0.69140625 0.26851851875 0.6640625 0.2800925921875 0.6627604171875 0.4513888890625 0.7434895828125 0.5208333328125 0.78515625 0.5046296296875
4 0.72890625 0.47421875 0.0390625 0.12421875
4 0.0515625 0.55 0.03515625 0.18984375
3 0.6921875 0.4140625 0.05703125 0.140625
4 0.66328125 0.3234375 0.02109375 0.09609375