1 1 0.4861111109375 0.3787906015625 0.39012901875 0 0.73148148125 0 0.8194444437499999 0.6595052078125 1 1 1 1 0.4861111109375
5 0.6671875 0.91171875 0.0328125 0.16953125
4 0.5296875 0.59609375 0.0375 0.12109375
3 0.25546875 0.5078125 0.02734375 0.13125
4 0.1296875 0.75546875 0.034375 0.15625
5 0.075 0.81015625 0.0328125 0.1625
4 0.334375 0.515625 0.03046875 0.1234375
4 0.36015625 0.4375 0.02421875 0.109375
4 0.44765625 0.50546875 0.03515625 0.090625
4 0.3953125 0.6515625 0.05234375 0.16015625
4 0.3640625 0.9046875 0.0515625 0.1828125
4 0.7078125 0.63203125 0.03671875 0.13828125
4 0.56171875 0.92890625 0.0484375 0.13515625
4 0.671875 0.43828125 0.0265625 0.103125
4 0.4828125 0.91640625 0.0515625 0.14140625
4 0.48828125 0.646875 0.0359375 0.1515625
5 0.60859375 0.37734375 0.02734375 0.0984375
2 0.1354166671875 0.5578703703125 0.16796875 0.571759259375 0.23567708281250002 0.5115740734374999 0.23177083281250002 0.38194444375000003 0.2109375 0.36805555624999997 0.13671875 0.428240740625 0.1354166671875 0.5578703703125
0 0.690625 0.67265625 0.0125 0.0234375