5 0.603125 0.3234375 0.03671875 0.1015625
1 1 0.7006305375 0.8477256796875 0.563946221875 0.74455110625 0.47223545 0.623395321875 0.3650925921875 0.0017187500000000002 0.45515873124999995 0.0027107984375 1 0.3337747859375 0.8990432374999999 0.5763343109375 0.8311419890625 1 0.7279673859375 1 0.7006305375
4 0.5828125 0.4515625 0.034375 0.10078125
4 0.5875 0.5140625 0.02890625 0.12734375
0 0.61015625 0.53671875 0.01171875 0.02578125
4 0.6703125 0.50703125 0.03671875 0.12421875
4 0.6515625 0.47265625 0.0234375 0.10234375
5 0.59921875 0.76171875 0.0375 0.16171875
4 0.45078125 0.83671875 0.046875 0.184375
5 0.2890625 0.90625 0.05234375 0.1859375
4 0.79453125 0.60703125 0.05078125 0.1625
4 0.740625 0.55546875 0.03984375 0.1296875
2 0.8034474171875001 0.5235890640624999 0.808903796875 0.3917548515625 0.74838789375 0.3485449734375 0.7439236078125 0.472883603125 0.8034474171875001 0.5235890640624999
3 0.759375 0.47109375 0.04296875 0.08828125
4 0.040625 0.5453125 0.03671875 0.15078125
4 0.934375 0.70703125 0.06015625 0.18515625