1 0.9986979171874999 1 1 0.47453703750000004 0.41015625 0.3773148140625 0.1953125 0.578703703125 0.0052083328125 0.7476851859375 0 0.828703703125 0.6106770828125 1 0.9986979171874999 1
5 0.08203125 0.8125 0.0328125 0.165625
4 0.7359375 0.44375 0.02890625 0.12109375
5 0.68359375 0.9203125 0.04453125 0.15390625
4 0.51953125 0.60859375 0.0390625 0.134375
4 0.39453125 0.9140625 0.0515625 0.17109375
4 0.4328125 0.6390625 0.06796875 0.12734375
4 0.46796875 0.5109375 0.0484375 0.09765625
4 0.51640625 0.93203125 0.05078125 0.13046875
2 0.1588331421875 0.424807184375 0.15625 0.571759259375 0.1966145828125 0.58101851875 0.2760416671875 0.49305555625 0.2630208328125 0.3726851859375 0.23177083281250002 0.3611111109375 0.1588331421875 0.424807184375
3 0.2546875 0.509375 0.04609375 0.125
4 0.78203125 0.646875 0.03359375 0.16015625
4 0.35390625 0.528125 0.0421875 0.11171875
4 0.15703125 0.75703125 0.05234375 0.1671875
4 0.3703125 0.4515625 0.0359375 0.0875
5 0.65234375 0.37109375 0.03046875 0.109375
4 0.60234375 0.9390625 0.04296875 0.11796875
0 0.41171875 0.72421875 0.01796875 0.03671875