4 0.3875 0.63359375 0.040625 0.10625
4 0.56875 0.4875 0.025 0.08359375
4 0.2984375 0.6953125 0.03046875 0.121875
4 0.18515625 0.428125 0.021875 0.0671875
4 0.7875 0.53203125 0.0453125 0.09140625
4 0.840625 0.528125 0.0296875 0.09765625
4 0.228125 0.47578125 0.0296875 0.075
5 0.615625 0.7515625 0.02890625 0.12734375
5 0.69453125 0.7375 0.02421875 0.121875
4 0.83125 0.7390625 0.02578125 0.125
5 0.37578125 0.38359375 0.028125 0.06875
4 0.40390625 0.409375 0.021875 0.05703125
3 0.9375 0.5046875 0.03828125 0.0859375
5 0.86328125 0.69296875 0.028125 0.11015625