1 0 0.7916666671875 0.9973958328125001 0.8171296296874999 1 0.4328703703125 0.6953125 0.27777777812500004 0.3658854171875 0.2731481484375 0 0.4583333328125 0 0.7916666671875
3 0.540625 0.2609375 0.015625 0.046875
2 0.73828125 0.3449074078125 0.3359375 0.3449074078125 0.265625 0.3865740734375 0.30859375 0.9421296296874999 0.7838541671875 0.9583333328125001 0.8255208328125001 0.42129629687500003 0.73828125 0.3449074078125
4 0.4390625 0.3453125 0.03671875 0.12109375
4 0.571875 0.31875 0.0203125 0.09296875
4 0.59296875 0.34140625 0.0359375 0.1140625
4 0.26796875 0.29765625 0.0234375 0.0984375
4 0.75078125 0.371875 0.0265625 0.14921875
3 0.4859375 0.565625 0.15703125 0.2265625
4 0.965625 0.38125 0.04375 0.15
5 0.153125 0.3171875 0.0328125 0.12265625
4 0.38515625 0.4875 0.08046875 0.2171875
5 0.78515625 0.27109375 0.01640625 0.06875
4 0.48984375 0.43046875 0.0359375 0.11953125
4 0.7484375 0.26640625 0.0125 0.0640625
5 0.7171875 0.2515625 0.01640625 0.05859375
2 0.555121528125 0.211419753125 0.507378471875 0.211419753125 0.5047743062500001 0.26851851875 0.554253471875 0.26466049375 0.555121528125 0.211419753125