1 0.9996527671875001 1 0.9982639624999999 0.5246913906249999 0.878819434375 0.4851851984375 0.35798610000000003 0.58395065 0 0.6456790078125 0.003819434375 0.7444445140625 0.6774306296875 1 0.9996527671875001 1
4 0.765625 0.68359375 0.07421875 0.23984375
4 0.55703125 0.69375 0.05703125 0.2296875
4 0.44140625 0.82734375 0.05546875 0.30390625
4 0.3890625 0.7984375 0.0375 0.34609375
4 0.334375 0.78984375 0.04453125 0.30390625
4 0.2546875 0.72421875 0.0421875 0.21328125
4 0.3734375 0.6015625 0.0375 0.0828125
4 0.44296875 0.621875 0.04609375 0.13125
2 0.5121527671874999 0.5512345625 0.5121527671874999 0.3172839828125 0.3565972328125 0.34691361249999997 0.3565972328125 0.58395065 0.5121527671874999 0.5512345625
4 0.46875 0.50703125 0.05546875 0.19765625
5 0.6109375 0.8515625 0.07734375 0.271875