1 0.6571180828125 1 0.9997106390624999 0.9105789625 1 0.7151874109375 0.5772569703125 0.3675962078125 0.0008680562500000001 0.45397982812500004 0 1 0.6571180828125 1
2 0.88512730625 0.579441721875 0.896701415625 0.379936725 0.8052661953125 0.31206388125 0.76793980625 0.3158436171875 0.76012730625 0.519795903125 0.8480903046874999 0.577385 0.88512730625 0.579441721875
3 0.78515625 0.57421875 0.0890625 0.08828125
0 0.82109375 0.49453125 0.01640625 0.03203125
4 0.50859375 0.3984375 0.02734375 0.13828125
4 0.48671875 0.4953125 0.0515625 0.0796875
4 0.4078125 0.4515625 0.03125 0.17421875
4 0.55546875 0.5921875 0.03359375 0.18203125
4 0.3140625 0.7515625 0.06640625 0.21328125
4 0.42890625 0.3375 0.03125 0.12734375
4 0.23515625 0.4546875 0.04609375 0.15234375
5 0.1609375 0.3453125 0.03828125 0.16328125