1 0 0.8819626109375 0.505881271875 0.9976960859374999 1 1 0.999501046875 0.4468047484375 1 0.4329547640625 0.317029378125 0.3357006125 0.15683087499999998 0.4792101203125 0 0.620404959375 0 0.8819626109375
0 0.64375 0.64453125 0.015625 0.02578125
4 0.8234375 0.5984375 0.046875 0.13515625
5 0.03515625 0.85390625 0.06484375 0.22109375
4 0.1984375 0.51875 0.03984375 0.14609375
4 0.28671875 0.38515625 0.03125 0.1359375
5 0.91484375 0.34765625 0.04296875 0.13203125
4 0.4328125 0.4328125 0.0296875 0.13671875
4 0.328125 0.5828125 0.04140625 0.17265625
4 0.25078125 0.5125 0.03671875 0.1453125
4 0.50234375 0.49375 0.0453125 0.15390625
2 0.074777984375 0.5555942140625 0.1581333015625 0.48615412812500003 0.1497802734375 0.3079547640625 0.11385078906249999 0.305609909375 0.029193043749999998 0.37273532343750004 0.029193043749999998 0.550964875 0.074777984375 0.5555942140625
3 0.1296875 0.44921875 0.040625 0.1421875
4 0.35625 0.55703125 0.034375 0.1171875