4 0.0578125 0.78125 0.015625 0.0890625
1 1 0.6414609015625 0.8272569703125001 0.449866290625 0.0703125265625 0.4704338359375 0 0.5588742234375 0 0.7892305125 0.4684606390625 0.787173790625 0.9071180828125 0.7563224984375 1 0.746038703125 1 0.6414609015625
4 0.2546875 0.4375 0.0171875 0.0578125
4 0.0859375 0.76640625 0.0234375 0.12109375
3 0.04375 0.55 0.0140625 0.08359375
4 0.43125 0.4765625 0.015625 0.0625
4 0.09765625 0.55546875 0.01875 0.075
4 0.14375 0.7671875 0.025 0.1125
4 0.03046875 0.765625 0.02421875 0.11484375
4 0.121875 0.740625 0.025 0.10859375
3 0.77421875 0.48671875 0.02421875 0.06796875
4 0.20390625 0.75546875 0.021875 0.1125
5 0.28984375 0.43125 0.01328125 0.053125
4 0.47890625 0.6296875 0.01875 0.09921875
4 0.1546875 0.6359375 0.0390625 0.09453125
4 0.8828125 0.80625 0.02265625 0.11953125
4 0.6125 0.5125 0.01875 0.0796875
5 0.87421875 0.7125 0.0171875 0.09375
4 0.29140625 0.7328125 0.0234375 0.1046875
4 0.228125 0.52890625 0.0203125 0.07578125
4 0.91796875 0.746875 0.01953125 0.1015625
4 0.70859375 0.503125 0.01796875 0.0796875
5 0.290625 0.45234375 0.009375 0.021875
2 0.9256366359375001 0.45603655 0.9117477468749999 0.4663203453125 0.904803303125 0.5383066796875 0.9453125265625 0.5856119796875 0.97887730625 0.5689300375 0.9684606390624999 0.5444769375 0.9649884171875 0.4889446109375 0.9256366359375001 0.45603655