4 0.75390625 0.80234375 0.0359375 0.17421875
4 0.28359375 0.57890625 0.02734375 0.13828125
4 0.59765625 0.61953125 0.03203125 0.146875
4 0.4 0.415625 0.02265625 0.115625
5 0.5296875 0.83046875 0.05546875 0.17890625
4 0.4890625 0.72890625 0.04140625 0.1453125
4 0.74296875 0.440625 0.03984375 0.1140625
4 0.16640625 0.63359375 0.04921875 0.11875
5 0.1984375 0.34453125 0.02734375 0.103125
3 0.9109375 0.44609375 0.02109375 0.1203125
4 0.23359375 0.35703125 0.0265625 0.09453125
5 0.646875 0.40859375 0.0328125 0.11953125
0 0.20625 0.50703125 0.009375 0.01953125