1 1 0.43055555625 0.5638020828125 0.3379629625 0.0442708328125 0.7824074078125001 0.62890625 1 1 1 1 0.43055555625
4 0.75546875 0.61015625 0.0453125 0.16875
4 0.5953125 0.4671875 0.034375 0.15078125
4 0.184375 0.68828125 0.0453125 0.159375
4 0.465625 0.4765625 0.0296875 0.14453125
4 0.7390625 0.490625 0.03046875 0.15390625
4 0.8828125 0.6765625 0.04375 0.17890625
2 0.3684895828125 0.3125 0.2799479171875 0.3773148140625 0.2760416671875 0.5370370375 0.3177083328125 0.5486111109375 0.3971354171875 0.490740740625 0.3919270828125 0.33101851875 0.3684895828125 0.3125
3 0.36328125 0.46875 0.04296875 0.14765625
4 0.21328125 0.6921875 0.0375 0.128125
5 0.42734375 0.90625 0.0359375 0.184375
0 0.14375 0.76015625 0.021875 0.0484375