1 1 1 0.999501046875 0.3981966890625 0.4498769171875 0.2986659015625 0 0.7060477296875 0.0018420796875 0.7708584765625 0.7429229578125 1 1 1
2 0.173762425 0.49772747656250005 0.22585949843750003 0.4930981375 0.29561360625 0.42986834375000005 0.28316627968749997 0.2801485453125 0.2636298765625 0.27551920625 0.172459996875 0.3357006125 0.173762425 0.49772747656250005
4 0.93828125 0.71796875 0.05234375 0.19921875
4 0.67890625 0.6 0.06328125 0.20234375
4 0.6265625 0.59609375 0.05 0.20625
4 0.55234375 0.615625 0.078125 0.20859375
4 0.57578125 0.5359375 0.05546875 0.14140625
4 0.54296875 0.45078125 0.0359375 0.14453125
4 0.49921875 0.46015625 0.0421875 0.153125
0 0.52265625 0.665625 0.0234375 0.0296875
5 0.0390625 0.70390625 0.0453125 0.2265625
3 0.2734375 0.4453125 0.0640625 0.1515625