1 0.9973958328125001 0.4236111109375 0 0.38194444375000003 0.005234375 0.9976851859375 1 1 0.9973958328125001 0.4236111109375
4 0.43359375 0.37890625 0.03203125 0.0953125
4 0.91171875 0.58125 0.0484375 0.15703125
4 0.6625 0.68359375 0.07109375 0.1671875
5 0.2296875 0.853125 0.07265625 0.1859375
4 0.721875 0.7203125 0.05625 0.18984375
4 0.4640625 0.60234375 0.03828125 0.140625
4 0.83984375 0.44609375 0.034375 0.1265625
4 0.27109375 0.4296875 0.03359375 0.1140625
5 0.60859375 0.34140625 0.053125 0.10703125
4 0.46015625 0.3875 0.0328125 0.0875
0 0.440625 0.43125 0.00625 0.01640625