1 0.09244791718749999 1 0.9986979171874999 0.8518518515625001 1 0.49768518593750005 0.8307291671874999 0.3171296296875 0 0.391203703125 0 1 0.09244791718749999 1
4 0.6609375 0.56328125 0.04296875 0.13671875
4 0.34453125 0.48828125 0.03125 0.128125
4 0.44140625 0.53203125 0.040625 0.1328125
4 0.62578125 0.88828125 0.046875 0.20703125
4 0.7171875 0.47109375 0.04140625 0.1140625
4 0.46796875 0.46171875 0.0390625 0.1
3 0.909375 0.44140625 0.03359375 0.1328125
4 0.58671875 0.80703125 0.05390625 0.15234375
5 0.915625 0.74921875 0.03671875 0.16875
4 0.4578125 0.31875 0.02890625 0.10234375
5 0.278125 0.3265625 0.028125 0.09921875
5 0.8125 0.86640625 0.04765625 0.19140625
0 0.35078125 0.5515625 0.01015625 0.021875