1 0.1294799109375 0.9976960859374999 0.51239340625 0.8727039328125 0.9275580515625 0.7400535296874999 0.53062738125 0.3773646625 0.0018420796875 0.4676367734375 0 1 0.1294799109375 0.9976960859374999
4 0.56015625 0.58671875 0.04609375 0.15625
4 0.6375 0.6140625 0.0546875 0.10546875
3 0.62890625 0.48359375 0.0296875 0.1015625
4 0.53046875 0.475 0.0421875 0.128125
4 0.675 0.54921875 0.0265625 0.12265625
4 0.59140625 0.56328125 0.02421875 0.1375
4 0.78828125 0.66171875 0.0390625 0.1734375
5 0.525 0.34375 0.0265625 0.08515625
5 0.4578125 0.81171875 0.0546875 0.18359375
4 0.6125 0.45078125 0.0234375 0.0796875
4 0.07578125 0.646875 0.03984375 0.175
2 0.68431375 0.35884730781249996 0.6608700671875 0.365791315625 0.6543579328125 0.48846879843749996 0.7103622875 0.5440208671875 0.761759440625 0.5270905671875 0.748132665625 0.49772747656250005 0.7520399453125 0.41208470625000004 0.68431375 0.35884730781249996