1 0.21223958281250002 1 1 0.7291666671875 0.515625 0.2986111109375 0.006510417187500001 0.39351851875 0 1 0.21223958281250002 1
4 0.51875 0.4203125 0.0296875 0.12734375
4 0.14140625 0.57109375 0.06484375 0.17109375
4 0.4078125 0.48046875 0.03515625 0.140625
4 0.31171875 0.534375 0.0328125 0.1765625
4 0.58828125 0.45625 0.04375 0.14609375
4 0.86484375 0.84609375 0.0515625 0.184375
4 0.31171875 0.90390625 0.05390625 0.1625
4 0.61015625 0.340625 0.0234375 0.1
4 0.565625 0.3515625 0.02109375 0.09375
5 0.053125 0.31875 0.03125 0.13203125
4 0.9046875 0.896875 0.034375 0.12890625
5 0.98125 0.66171875 0.0328125 0.14375
3 0.56328125 0.40546875 0.0421875 0.07109375
4 0.47421875 0.40859375 0.03046875 0.1328125
4 0.8515625 0.94765625 0.0390625 0.09921875
2 0.77734375 0.49305555625 0.7786458328125 0.3379629625 0.7018229171875 0.2731481484375 0.66796875 0.2824074078125 0.6640625 0.43981481406249995 0.7369791671875 0.49768518593750005 0.77734375 0.49305555625