1 1 0.45370370312499997 0.7209821421875 0.30423280468749997 0.43824404687499996 0.297619046875 0 0.49768518593750005 0 0.7731481484375 1 0.9179894171875 1 0.45370370312499997
3 0.5796875 0.28203125 0.01015625 0.04140625
5 0.88046875 0.3359375 0.021875 0.11015625
2 0.77734375 1 0.8229166671874999 0.446759259375 0.7395833328125 0.39351851875 0.2981770828125 0.384259259375 0.203125 0.42592592656250006 0.2421875 0.972222221875 0.77734375 1
4 0.6703125 0.41015625 0.0671875 0.16484375
4 0.4546875 0.35625 0.0234375 0.08984375
4 0.20234375 0.40546875 0.03046875 0.13984375
4 0.6296875 0.4234375 0.034375 0.15
3 0.35 0.6390625 0.08984375 0.24375
4 0.69609375 0.340625 0.0234375 0.08671875
4 0.41640625 0.31875 0.02109375 0.0953125
4 0.1796875 0.45078125 0.06953125 0.1125
5 0.8046875 0.30234375 0.0140625 0.0609375
4 0.46015625 0.465625 0.03203125 0.165625
4 0.2015625 0.378125 0.0203125 0.04921875