4 0.61328125 0.77421875 0.03359375 0.16171875
4 0.43125 0.528125 0.03359375 0.128125
5 0.39921875 0.8203125 0.0375 0.17421875
4 0.42578125 0.70390625 0.034375 0.13125
4 0.10234375 0.61015625 0.034375 0.15
4 0.5109375 0.440625 0.02109375 0.08671875
4 0.459375 0.44453125 0.0453125 0.10234375
3 0.75546875 0.43984375 0.0203125 0.09765625
4 0.5890625 0.4671875 0.02265625 0.10859375
5 0.384375 0.315625 0.0234375 0.0796875
4 0.76640625 0.4875 0.0375 0.11328125
3 0.47421875 0.42265625 0.02421875 0.103125