1 1 0.446759259375 0.4622395828125 0.3495370375 0.014322917187500001 0.7384259265625001 0.77734375 1 1 1 1 0.446759259375
4 0.6828125 0.5109375 0.0359375 0.1421875
4 0.52265625 0.54921875 0.0359375 0.1109375
4 0.50546875 0.63046875 0.04609375 0.09921875
4 0.61796875 0.9015625 0.0359375 0.18984375
4 0.35546875 0.4515625 0.02734375 0.11640625
4 0.3859375 0.440625 0.021875 0.11640625
5 0.021875 0.68671875 0.04375 0.15859375
4 0.9875 0.6046875 0.021875 0.16015625
5 0.9578125 0.37890625 0.0296875 0.11875
5 0.44453125 0.8390625 0.040625 0.18125
5 0.55390625 0.88359375 0.03828125 0.19140625
4 0.4484375 0.58125 0.04140625 0.13359375
4 0.5421875 0.525 0.025 0.1234375
5 0.50859375 0.93125 0.03984375 0.1375
3 0.32265625 0.48125 0.05390625 0.06796875
2 0.3138020828125 0.34722222187499996 0.2877604171875 0.3263888890625 0.21354166718749998 0.391203703125 0.21875 0.534722221875 0.2552083328125 0.5324074078125001 0.3138020828125 0.4768518515625 0.3138020828125 0.34722222187499996