1 0.9968750312499999 1 1 0.34691361249999997 0.9232639624999999 0.3271604890625 0.3135416984375 0.4506173171875 0.0017361000000000002 0.5049382671875 0 0.6753086374999999 0.8079860999999999 1 0.9968750312499999 1
4 0.90546875 0.425 0.06875 0.26328125
4 0.84140625 0.47890625 0.08359375 0.2546875
4 0.64375 0.4578125 0.08671875 0.271875
2 0.491319434375 0.41975308125 0.4899306296875 0.139506178125 0.3107639 0.1716049328125 0.30798610000000004 0.44567900781249997 0.491319434375 0.41975308125
3 0.375 0.35 0.11875 0.21640625
4 0.4109375 0.51953125 0.0890625 0.2515625
4 0.43359375 0.4859375 0.08828125 0.284375
4 0.190625 0.66015625 0.0453125 0.36640625
5 0.58515625 0.76640625 0.0875 0.3453125
0 0.46015625 0.29609375 0.0265625 0.0421875