1 0.484375 1 0.9986979171874999 0.828703703125 1 0.7824074078125001 0.4921875 0.3333333328125 0.0013020828125 0.4143518515625 0 1 0.484375 1
2 0.7825520828125 0.5416666671875 0.7890625 0.3634259265625 0.69375 0.30555555624999997 0.6627604171875 0.31944444375000003 0.6640625 0.48148148125 0.7421875 0.553240740625 0.7825520828125 0.5416666671875
3 0.7 0.46171875 0.0375 0.16171875
4 0.33828125 0.5109375 0.03046875 0.16640625
4 0.7328125 0.49765625 0.03515625 0.16171875
4 0.6109375 0.4765625 0.03359375 0.1609375
4 0.39375 0.68359375 0.0328125 0.20546875
4 0.55390625 0.425 0.02265625 0.1546875
4 0.5890625 0.4328125 0.02890625 0.14375
4 0.63359375 0.384375 0.0328125 0.13984375
5 0.028125 0.34609375 0.05234375 0.13984375
4 0.0609375 0.5796875 0.053125 0.18671875