1 0.22585949843750003 1 0.9926622171874999 0.763201678125 0.56579290625 0.3704206546875 0 0.45374875625 0.007051787499999999 1 0.22585949843750003 1
4 0.671875 0.696875 0.0453125 0.15703125
4 0.578125 0.665625 0.0484375 0.1640625
4 0.2734375 0.646875 0.04609375 0.1875
4 0.2390625 0.43203125 0.028125 0.13671875
4 0.03125 0.61484375 0.05078125 0.178125
4 0.0296875 0.4453125 0.025 0.1421875
4 0.48671875 0.43515625 0.03828125 0.10625
4 0.5578125 0.4546875 0.0453125 0.1328125
3 0.71484375 0.56796875 0.04765625 0.11875
5 0.23203125 0.89921875 0.04765625 0.2
5 0.47734375 0.33359375 0.02578125 0.10078125
2 0.7265625265625 0.34908543281250004 0.70572919375 0.355255690625 0.69762730625 0.48688784218750003 0.7624421921875 0.5403634484375 0.809606471875 0.5380658390625 0.801793971875 0.521852671875 0.7960069703125 0.3963907328125 0.7265625265625 0.34908543281250004