1 1 0.42245370312499997 0.2591145828125 0.32523148125 0.0013020828125 0.5636574078125001 0 0.8738425921875 0.5696223953125 1 1 1 1 0.42245370312499997
4 0.334375 0.5046875 0.04609375 0.14921875
4 0.44453125 0.378125 0.02734375 0.1234375
4 0.2875 0.515625 0.03984375 0.14765625
4 0.778125 0.6671875 0.071875 0.19375
4 0.22421875 0.9 0.046875 0.19765625
4 0.2609375 0.66171875 0.0515625 0.15859375
4 0.8328125 0.58125 0.0421875 0.15859375
4 0.1578125 0.53203125 0.03515625 0.14921875
4 0.8625 0.6390625 0.04453125 0.17578125
4 0.4125 0.89609375 0.0421875 0.203125
4 0.55390625 0.90234375 0.0453125 0.1953125
5 0.7171875 0.328125 0.03671875 0.11875
2 0.0006510421875 0.534722221875 0.0227864578125 0.5451388890625 0.09895833281250001 0.44907407343749994 0.09895833281250001 0.446759259375 0.09244791718749999 0.3136574078125 0.064453125 0.3043981484375 0.0006510421875 0.3553240734375 0.0006510421875 0.534722221875
4 0.08828125 0.4171875 0.0296875 0.12890625
4 0.521875 0.93359375 0.04296875 0.13203125
3 0.10234375 0.49375 0.0609375 0.06953125