1 1 1 0.9991964281250001 0.45634920625 0.393601190625 0.3611111109375 0.0014880953125 0.7129629625 0 0.8518518515625001 0.5259821421875001 1 1 1
4 0.59765625 0.48671875 0.03359375 0.1453125
4 0.7421875 0.61875 0.03671875 0.153125
4 0.6546875 0.59921875 0.0421875 0.159375
4 0.40390625 0.4578125 0.03046875 0.13671875
4 0.28671875 0.62421875 0.078125 0.1359375
4 0.303125 0.74296875 0.06328125 0.14296875
4 0.34765625 0.46953125 0.02890625 0.12734375
5 0.8578125 0.37265625 0.034375 0.125
3 0.246875 0.4765625 0.0421875 0.1203125
5 0.26796875 0.915625 0.0453125 0.16875
0 0.1453125 0.6609375 0.009375 0.025
2 0.12276785781249999 0.5608465609375 0.1644345234375 0.5608465609375 0.2358630953125 0.50529100625 0.2306547625 0.3478835984375 0.2053571421875 0.3373015875 0.12276785781249999 0.3994708984375 0.12276785781249999 0.5608465609375