1 0.9971066046875 0.9979424421875001 0.9971066046875 0.3724279765625 0.9230323890625 0.3477366171875 0.0011573890625 0.5267489624999999 0 0.6934156296875 0.7563657234375001 1 0.9971066046875 0.9979424421875001
4 0.9140625 0.471875 0.08828125 0.3109375
4 0.62265625 0.44921875 0.06328125 0.28984375
4 0.6796875 0.3984375 0.075 0.2859375
4 0.43203125 0.58046875 0.0890625 0.30859375
2 0.487847275 0.15843626875 0.3096064984375 0.19135804843749998 0.311921278125 0.46502056875 0.3096064984375 0.46707824374999996 0.492476834375 0.438271628125 0.487847275 0.15843626875
4 0.43515625 0.41171875 0.059375 0.15234375
4 0.19375 0.6796875 0.05625 0.34765625
4 0.9453125 0.33203125 0.065625 0.17890625
3 0.4953125 0.45546875 0.08671875 0.1046875
5 0.5875 0.79765625 0.09296875 0.39296875