1 1 0.379936725 0 0.363482671875 0.002025471875 0.8756141328125 0.8156828609375 0.88795465 1 0.9002951671874999 1 0.379936725
4 0.359375 0.5953125 0.05234375 0.14296875
0 0.39453125 0.72109375 0.0109375 0.0203125
4 0.42734375 0.68203125 0.03671875 0.13671875
4 0.83984375 0.65 0.06328125 0.14296875
4 0.76484375 0.56015625 0.0515625 0.1296875
4 0.69296875 0.7296875 0.03359375 0.17578125
5 0.50859375 0.80625 0.0453125 0.14609375
4 0.4859375 0.3765625 0.04609375 0.0875
4 0.596875 0.70859375 0.053125 0.1625
4 0.60703125 0.634375 0.053125 0.1328125
5 0.73984375 0.33359375 0.0203125 0.09140625
4 0.83984375 0.6234375 0.01953125 0.046875