1 1 0.4768518515625 0.41015625 0.3981481484375 0 0.7708333328125 0 0.8194444437499999 0.6028645828125 1 1 1 1 0.4768518515625
4 0.3265625 0.5359375 0.0296875 0.1328125
4 0.15703125 0.74140625 0.0265625 0.15703125
3 0.290625 0.5046875 0.02890625 0.13046875
4 0.76328125 0.62734375 0.05 0.1328125
4 0.54765625 0.91484375 0.04609375 0.16328125
4 0.37578125 0.8875 0.04140625 0.12890625
4 0.47734375 0.64375 0.04296875 0.1390625
4 0.61640625 0.60390625 0.034375 0.13046875
4 0.3703125 0.46015625 0.03125 0.10078125
4 0.50703125 0.5265625 0.03828125 0.0890625
4 0.6671875 0.95390625 0.04453125 0.08671875
4 0.71640625 0.45546875 0.02734375 0.109375
4 0.16953125 0.8890625 0.04140625 0.1984375
5 0.72578125 0.3890625 0.02421875 0.09921875
4 0.534375 0.63671875 0.040625 0.11484375
4 0.3671875 0.4375 0.0171875 0.03671875
2 0.1653645828125 0.5729166671875 0.1953125 0.5763888890625 0.2721354171875 0.5254629625 0.2643229171875 0.3796296296875 0.23763020781250002 0.3773148140625 0.1634114578125 0.43402777812500004 0.1653645828125 0.5729166671875
0 0.74296875 0.67578125 0.0171875 0.03203125