4 0.51171875 0.64765625 0.02734375 0.1046875
4 0.30390625 0.565625 0.03046875 0.10546875
4 0.1171875 0.69765625 0.03359375 0.10625
4 0.34921875 0.45390625 0.02578125 0.07265625
4 0.0578125 0.5609375 0.01796875 0.096875
4 0.55390625 0.49140625 0.0296875 0.0875
4 0.70859375 0.59609375 0.03515625 0.096875
4 0.7875 0.66875 0.034375 0.11015625
3 0.8875 0.63203125 0.0453125 0.10859375
4 0.16484375 0.78359375 0.025 0.13515625
3 0.11640625 0.50703125 0.0265625 0.08359375
5 0.76640625 0.80546875 0.0625 0.13046875
5 0.21015625 0.40859375 0.01328125 0.07421875