1 0.9990798609375 0.41444444375 0.5598958328125 0.42987654375 0.0018315968750000002 0.4468518515625 0.0009288187499999999 0.928240740625 0.42934895781250004 0.8950617281250001 0.8771701390625 0.8811728390625 0.9990798609375 0.8796296296874999 0.9990798609375 0.41444444375
4 0.38515625 0.51484375 0.028125 0.12890625
4 0.33828125 0.46015625 0.025 0.109375
4 0.246875 0.5078125 0.04765625 0.1265625
4 0.2515625 0.4375 0.0328125 0.1125
5 0.59609375 0.37890625 0.03984375 0.11015625
4 0.65078125 0.55390625 0.053125 0.146875
4 0.7265625 0.53203125 0.04921875 0.13203125
4 0.6828125 0.70390625 0.05 0.13203125
4 0.56875 0.8203125 0.1140625 0.15234375
5 0.7 0.8640625 0.071875 0.1796875
4 0.17109375 0.87578125 0.04375 0.18515625