1 1 0.9814936890625001 0.9977628749999999 0.43523169062499995 0.21835666250000002 0.3650535296875 0 0.58105586875 0.0027087609374999997 0.81715215625 0.9196172640625001 0.9838083578125 1 0.9814936890625001
4 0.62890625 0.46171875 0.0515625 0.1375
0 0.6015625 0.51640625 0.01953125 0.02734375
4 0.9421875 0.51640625 0.0390625 0.1390625
4 0.81015625 0.43984375 0.05546875 0.10234375
4 0.7046875 0.428125 0.03203125 0.09765625
4 0.6875 0.56484375 0.0609375 0.125
4 0.51484375 0.59765625 0.06328125 0.17109375
4 0.434375 0.48359375 0.05 0.14453125
4 0.5328125 0.384375 0.04453125 0.08828125
3 0.17578125 0.475 0.0421875 0.128125
2 0 0.55327954375 0.0160997171875 0.5502387140625 0.0851973984375 0.49772747656250005 0.07347555624999999 0.36347664687500003 0.048729446875 0.3565326375 0 0.40282602812499996 0 0.55327954375