1 1 0.3655394390625 0.528645859375 0.2729855609375 0.0005786953125 0.70473250625 0 0.91914920625 0.2497106390625 1 1 1 1 0.3655394390625
4 0.359375 0.396875 0.05078125 0.14453125
4 0.23671875 0.65078125 0.06796875 0.215625
4 0.3296875 0.54453125 0.05078125 0.21328125
2 0.21640625 0.384375 0.17890625 0.3359375
4 0.75859375 0.325 0.05078125 0.1703125
4 0.08203125 0.85390625 0.09453125 0.25234375
5 0.50703125 0.20390625 0.04296875 0.171875
4 0.90859375 0.56171875 0.0421875 0.22421875
3 0.39375 0.51328125 0.0609375 0.128125
4 0.26328125 0.47109375 0.0984375 0.10546875