1 1 0.40667448124999994 0.357349528125 0.3100071125 0 0.6306584328125 0 0.795400771875 0.794849528125 1 1 1 1 0.40667448124999994
4 0.95078125 0.51015625 0.075 0.1671875
4 0.778125 0.4765625 0.02578125 0.15703125
0 0.77578125 0.3890625 0.01328125 0.02265625
4 0.59140625 0.44609375 0.05 0.1640625
4 0.4171875 0.43828125 0.05 0.15859375
4 0.22109375 0.52265625 0.040625 0.1546875
3 0.24609375 0.39609375 0.03984375 0.12734375
5 0.57109375 0.29140625 0.0359375 0.1328125
4 0.80390625 0.34765625 0.028125 0.11015625
4 0.8484375 0.36171875 0.05703125 0.1265625
2 0.1710069703125 0.285326078125 0.0853588046875 0.3470286640625 0.0876736375 0.5053986187499999 0.1325231390625 0.5056584328125 0.20457175 0.4622068078125 0.1987847484375 0.29355310625 0.1710069703125 0.285326078125