1 1 0.434670778125 0.42332175000000005 0.3429151734375 0.0031828609374999995 0.719300946875 0 0.8694438734375 0.4684606390625 1 1 0.9887356031250001 1 0.434670778125
4 0.89921875 0.45 0.03671875 0.1515625
4 0.7015625 0.6 0.04765625 0.15390625
5 0.85078125 0.3515625 0.03828125 0.13515625
4 0.65625 0.36171875 0.0359375 0.115625
4 0.22421875 0.68125 0.0390625 0.178125
4 0.5375 0.55703125 0.03515625 0.14609375
4 0.4234375 0.44375 0.03125 0.13125
3 0.28046875 0.49375 0.0375 0.13125
4 0.60625 0.54375 0.034375 0.14609375
4 0.29921875 0.57265625 0.0375 0.14140625
4 0.44453125 0.44609375 0.0390625 0.1421875
4 0.51484375 0.934375 0.040625 0.12734375
2 0.227719915625 0.3182341390625 0.1374421390625 0.379936725 0.1362847484375 0.48688784218750003 0.127025471875 0.5156824140625 0.12471063906249999 0.5403634484375 0.184895859375 0.5629877140625 0.26244213906249997 0.4930581015625 0.252025471875 0.33057465625 0.227719915625 0.3182341390625