1 0 0.856501246875 0.246698328125 0.8958506281249999 0.568397759375 0.958346703125 0.7598545078125001 1 1 0.9976960859374999 0.9968961937499999 0.40514069687500004 0.1998109609375 0.3218125953125 0 0.51161549375 0 0.856501246875
4 0.659375 0.48671875 0.04453125 0.12734375
4 0.8640625 0.64921875 0.059375 0.16953125
4 0.540625 0.82109375 0.0484375 0.17421875
4 0.50078125 0.68203125 0.065625 0.153125
4 0.77578125 0.4625 0.04609375 0.1265625
4 0.5296875 0.46328125 0.03125 0.13984375
3 0.13046875 0.4703125 0.0375 0.1109375
5 0.1421875 0.784375 0.05390625 0.20859375
0 0.646875 0.5296875 0.01171875 0.01953125
2 0.0018420796875 0.5069861546875 0.049953884375 0.46690538125 0.0422173125 0.3125539171875 0.0148663484375 0.305609909375 0 0.3218125953125 0.0018420796875 0.5069861546875