1 1 0.48379629687500003 0.4375 0.3865740734375 0 0.784722221875 0.00390625 0.8379629625 0.5455729171875 1 1 1 1 0.48379629687500003
4 0.1671875 0.7453125 0.040625 0.16640625
4 0.4203125 0.6078125 0.0546875 0.14140625
3 0.3125 0.5046875 0.04453125 0.134375
4 0.37734375 0.4859375 0.02578125 0.115625
4 0.396875 0.44453125 0.03125 0.08828125
4 0.603125 0.5765625 0.04921875 0.153125
4 0.615625 0.5125 0.04453125 0.12265625
4 0.73046875 0.47890625 0.046875 0.1296875
4 0.80625 0.62734375 0.03671875 0.14375
5 0.7640625 0.396875 0.03515625 0.12265625
4 0.40078125 0.9109375 0.046875 0.159375
4 0.5796875 0.9234375 0.053125 0.153125
2 0.1927083328125 0.58101851875 0.22526041718749998 0.5879629625 0.2903645828125 0.5254629625 0.2864583328125 0.38194444375000003 0.2591145828125 0.3726851859375 0.1861979171875 0.4236111109375 0.1927083328125 0.58101851875