1 0.22187503125000002 0.8753086375000001 0.6010416984375 0.8950617609375 0.606597296875 0.416049378125 0.0010416984375 0.3814814953125 0 0.8802469468749999 0.22187503125000002 0.8753086375000001
3 0.5109375 0.55625 0.08828125 0.2328125
4 0.415625 0.4515625 0.04609375 0.18984375
4 0.353125 0.46875 0.06015625 0.2015625
4 0.3109375 0.61953125 0.05546875 0.21015625
4 0.13125 0.371875 0.04609375 0.16328125
4 0.14296875 0.56875 0.04453125 0.20234375
4 0.13203125 0.521875 0.0875 0.14453125
0 0.35859375 0.703125 0.0265625 0.05234375
5 0.646875 0.78671875 0.075 0.29609375
2 0.6579861 0.33950620625 0.6079861 0.341975303125 0.6079861 0.3962963109375 0.603819434375 0.6253086375 0.669097296875 0.6185185328125 0.6579861 0.411111125 0.6579861 0.33950620625