1 0.1492638671875 1 0.5720972015625 0.913271621875 0.999180534375 0.84537040625 0.9995312343749999 0.5070987625 0.8152361328125 0.3367283921875 0.703125 0.35030864375 0.0014409515625 0.42376542968750003 0 1 0.1492638671875 1
4 0.71640625 0.428125 0.0609375 0.14296875
4 0.60625 0.40390625 0.03046875 0.1234375
4 0.48984375 0.40703125 0.04453125 0.12109375
4 0.471875 0.57890625 0.0578125 0.15859375
4 0.32890625 0.35703125 0.03828125 0.13359375
4 0.53671875 0.8734375 0.04765625 0.20546875
5 0.13828125 0.3390625 0.0421875 0.1390625
3 0.9046875 0.46328125 0.040625 0.153125
4 0.375 0.66953125 0.025 0.1546875
4 0.35546875 0.67890625 0.040625 0.153125
4 0.321875 0.65234375 0.053125 0.12734375
5 0.3625 0.9296875 0.0546875 0.13671875
0 0.31328125 0.72109375 0.009375 0.01640625
2 0.99739585 0.3194444515625 0.9723958500000001 0.32314815625 0.9654513828125 0.4737654296875 0.9994791828125 0.5058642140625 0.9994791828125 0.34907408125 0.99739585 0.3194444515625