1 1 0.40277777812500004 0.3671875 0.303240740625 0.0013020828125 0.6273148140625 0.0013020828125 0.7731481484375 0.83984375 0.9953703703125001 1 1 1 0.40277777812500004
4 0.38203125 0.53671875 0.0328125 0.18046875
3 0.22890625 0.44609375 0.06953125 0.07109375
4 0.5859375 0.57890625 0.0453125 0.15234375
4 0.42890625 0.5078125 0.02890625 0.15078125
4 0.27109375 0.47265625 0.03203125 0.14140625
4 0.5296875 0.86640625 0.03984375 0.1890625
4 0.96328125 0.86640625 0.07265625 0.1953125
4 0.23515625 0.3640625 0.0265625 0.1234375
4 0.55703125 0.57734375 0.03671875 0.159375
4 0.0140625 0.621875 0.028125 0.18125
4 0.9796875 0.34296875 0.03203125 0.12265625
2 0.1875 0.2824074078125 0.1080729171875 0.34027777812500004 0.1145833328125 0.4861111109375 0.1510416671875 0.49768518593750005 0.22265625 0.43055555625 0.22005208281250002 0.29398148125 0.1875 0.2824074078125
0 0.1640625 0.47109375 0.015625 0.02109375