1 1 0.6908436171875 0.5818866359375 0.44780956875 0.025173637500000002 0.45603655 0 0.47660409374999996 0 0.999019303125 1 1 1 0.6908436171875
4 0.509375 0.5234375 0.05234375 0.15703125
4 0.753125 0.57265625 0.0765625 0.1828125
5 0.903125 0.5265625 0.03515625 0.15078125
3 0.4625 0.78828125 0.08984375 0.29375
4 0.4046875 0.4875 0.0296875 0.15546875
2 0.36863425 0.4516460875 0.3677661953125 0.363482671875 0.28443286093750003 0.35936918125 0.2809606390625 0.4622068078125 0.36863425 0.4516460875
3 0.325 0.42109375 0.0171875 0.096875
4 0.5140625 0.446875 0.0328125 0.09296875
4 0.80703125 0.57578125 0.05390625 0.16796875
4 0.665625 0.5171875 0.034375 0.1734375
4 0.6453125 0.48203125 0.02890625 0.1421875
2 0.035590304687500005 1 0.79021996875 0.9229194796875 0.7965856390625 0.92541151875 0.7960069703125 0.9105789625 0.7763310796875 0.9064654265625001 0.6571180828125 0.78511706875 0 0.8509330984375 0 1 0.035590304687500005 1