1 1 0.688449653125 0.5934606390625 0.3244043984375 0 0.433412284375 0 1 0.1918403046875 1 1 0.7912873281249999 1 0.688449653125
4 0.5765625 0.5421875 0.0328125 0.134375
4 0.3015625 0.5046875 0.06015625 0.13359375
2 0.8078125 0.4140625 0.121875 0.22578125
4 0.20703125 0.51328125 0.04140625 0.14375
4 0.38671875 0.5765625 0.05078125 0.14296875
4 0.421875 0.45859375 0.03203125 0.1265625
4 0.221875 0.67265625 0.06171875 0.18671875
4 0.584375 0.41796875 0.03203125 0.13359375
4 0.53984375 0.33671875 0.0375 0.1046875
3 0.73515625 0.4640625 0.04765625 0.128125
4 0.6515625 0.575 0.03984375 0.1421875
5 0.14765625 0.33125 0.03515625 0.128125
4 0.31875 0.91875 0.05390625 0.16171875