1 1 0.4953703703125 0.4505208328125 0.40972222187499996 0.013020832812499999 0.7870370375 0.014322917187500001 0.7916666671875 0.6510416671875 1 1 1 1 0.4953703703125
4 0.86640625 0.6953125 0.028125 0.15234375
4 0.44296875 0.54609375 0.03671875 0.11796875
4 0.6578125 0.48203125 0.03515625 0.11015625
4 0.95546875 0.528125 0.028125 0.13046875
4 0.58125 0.496875 0.0609375 0.04609375
4 0.41875 0.57265625 0.034375 0.1234375
5 0.50625 0.36484375 0.02734375 0.09375
3 0.34296875 0.521875 0.06484375 0.05
5 0.78359375 0.934375 0.04921875 0.0953125
2 0.21397569375 0.5763888890625 0.25477430624999997 0.58487654375 0.31684027812500004 0.51851851875 0.3138020828125 0.3958333328125 0.28819444375000003 0.3850308640625 0.21614583281250002 0.43672839531249996 0.21397569375 0.5763888890625