1 1 0.76660629375 0.5679977468749999 0.3696529296875 0 0.45397982812500004 0 1 0.36082175 0.999019303125 1 0.8118548265625 1 0.76660629375
3 0.65703125 0.5125 0.04609375 0.1
2 0.716145859375 0.36142595 0.7138310796875 0.5053986187499999 0.7809606390625 0.55681745625 0.8353588578125001 0.5547606875 0.8260995281250001 0.532136421875 0.8203125265625 0.40461775937500005 0.739293971875 0.3449718953125 0.716145859375 0.36142595
0 0.715625 0.521875 0.01875 0.0265625
4 0.5171875 0.9015625 0.05390625 0.16875
4 0.58203125 0.91640625 0.0578125 0.125
4 0.55546875 0.55859375 0.04453125 0.12578125
4 0.4109375 0.4203125 0.046875 0.13125
4 0.2203125 0.68984375 0.059375 0.15
5 0.18125 0.3796875 0.0359375 0.115625
4 0.690625 0.45 0.034375 0.1296875
4 0.70234375 0.57265625 0.04375 0.115625
4 0.4734375 0.41015625 0.025 0.1296875
4 0.27578125 0.4484375 0.03046875 0.1171875
4 0.3375 0.43203125 0.07265625 0.09921875
2 0.8305804546875001 0.5485033640625 0.8203125265625 0.40050426874999995 0.7427661953125 0.34908543281250004 0.7184606390625 0.36142595 0.716145859375 0.4910013796875 0.779803303125 0.5588742234375 0.8305804546875001 0.5485033640625