1 0 1 0.40038469687499995 0.9930667468750001 0.999501046875 0.835669221875 1 0.7153064078125 0.6152851265625 0.37504999375 0.6244021140625 0.37273532343750004 0 0.4606927640625 0 1
5 0.61015625 0.8359375 0.040625 0.18515625
5 0.66640625 0.33828125 0.0265625 0.11953125
4 0.446875 0.68671875 0.0375 0.14921875
4 0.4796875 0.6890625 0.0296875 0.178125
3 0.71484375 0.490625 0.03515625 0.15390625
4 0.303125 0.465625 0.03125 0.1375
4 0.496875 0.69765625 0.02890625 0.14140625
5 0.0984375 0.69296875 0.034375 0.16875
4 0.63359375 0.91640625 0.03984375 0.1671875
4 0.33359375 0.44375 0.02578125 0.1421875
5 0.80703125 0.90703125 0.046875 0.13828125
2 0.77678605625 0.36347664687500003 0.772878775 0.5069861546875 0.8419073984375001 0.5787409078125 0.8910997171874999 0.5579547640625 0.8835850578125 0.414399375 0.8002297390625 0.35421796875 0.77678605625 0.36347664687500003
0 0.3984375 0.60625 0.01953125 0.03671875