1 1 0.41208470625000004 0.40038469687499995 0.3218125953125 0 0.6921597125 0 0.8518719078125001 0.5514662109375 1 1 1 1 0.41208470625000004
4 0.696875 0.778125 0.0390625 0.20078125
4 0.6484375 0.62734375 0.0546875 0.17890625
4 0.57734375 0.421875 0.0359375 0.14140625
4 0.65703125 0.44921875 0.0515625 0.1328125
5 0.44140625 0.89921875 0.059375 0.2015625
4 0.6359375 0.553125 0.0453125 0.13828125
4 0.31484375 0.45234375 0.0453125 0.12890625
5 0.0375 0.75390625 0.046875 0.2171875
4 0.815625 0.6421875 0.05546875 0.1328125
4 0.94765625 0.64765625 0.03046875 0.1890625
2 0.20502066874999997 0.29635123124999996 0.11124593593750001 0.3611619765625 0.1125483625 0.48383945937500006 0.10733865468749999 0.5301328484375001 0.15932888437499998 0.5348066171875 0.2388837671875 0.46995144218749996 0.22976677968749998 0.307924578125 0.20502066874999997 0.29635123124999996
0 0.44296875 0.459375 0.01875 0.02578125