1 0.0010416984375 0.6901234515625 0 0.78395065 0.23576389999999997 0.833333403125 0.6954861 0.9567901187500001 0.8399306296875 0.9987654640624999 0.9968750312499999 0.9913580578125 1 0.45679011875000003 0.7121527671875 0.4209876875 0.35381943437499996 0.36666668125 0.217708365625 0.497530859375 0.0010416984375 0.6901234515625
4 0.8703125 0.4671875 0.04453125 0.1546875
4 0.54609375 0.3921875 0.03828125 0.14140625
4 0.40859375 0.5546875 0.0296875 0.16640625
4 0.4296875 0.45 0.03125 0.11953125
4 0.24140625 0.68671875 0.046875 0.175
4 0.19140625 0.634375 0.040625 0.1703125
4 0.2640625 0.44921875 0.02890625 0.121875
4 0.296875 0.51171875 0.0453125 0.08046875
4 0.45 0.84375 0.03828125 0.2109375
5 0.33828125 0.81796875 0.05625 0.17421875
5 0.93125 0.38515625 0.025 0.14140625
2 0.217708365625 0.3493827109375 0.1565972328125 0.4012345625 0.1635416984375 0.541975303125 0.228819434375 0.480246946875 0.217708365625 0.3493827109375
3 0.1578125 0.51640625 0.08671875 0.11015625
0 0.0984375 0.228125 0.028125 0.03984375