1 0.9927661953125 0.8756141328125 0.998553303125 0.5876687953124999 0.7346644140625 0.34085840625 0.00144675 0.4393004078125 0.002025471875 1 0.4105903046875 0.999019303125 0.9927661953125 0.8756141328125
3 0.82265625 0.44765625 0.0515625 0.15625
2 0.94609375 0.4234375 0.09375 0.2421875
4 0.68671875 0.4078125 0.0265625 0.14609375
4 0.721875 0.31171875 0.03046875 0.12421875
5 0.2796875 0.31328125 0.03046875 0.084375
4 0.2734375 0.4046875 0.0453125 0.090625
0 0.30078125 0.4609375 0.0234375 0.02734375
4 0.2625 0.5625 0.06015625 0.13203125
4 0.4265625 0.43046875 0.0484375 0.1421875
4 0.5109375 0.5203125 0.04921875 0.146875
4 0.53359375 0.48984375 0.02578125 0.13828125
4 0.65703125 0.540625 0.046875 0.13828125
4 0.434375 0.921875 0.06796875 0.134375
4 0.44453125 0.83828125 0.05546875 0.14375