1 1 1 0.999501046875 0.3796793328125 0.5449540765625 0.30098057031250003 0.0252857640625 0.7453971109374999 0.7285962625 1 1 1
4 0.56171875 0.6 0.05 0.18359375
4 0.375 0.609375 0.04296875 0.1046875
0 0.39609375 0.56015625 0.02109375 0.03203125
2 0.34568276875000004 0.2732045375 0.2675371578125 0.3357006125 0.2610250234375 0.4606927640625 0.2571177421875 0.49078346875 0.30255805156250004 0.502399209375 0.38084829375 0.444490078125 0.3756385859375 0.2801485453125 0.34568276875000004 0.2732045375
3 0.3390625 0.4640625 0.05 0.1234375
5 0.0125 0.69609375 0.025 0.23125
0 0.39609375 0.56171875 0.01015625 0.021875
4 0.421875 0.58515625 0.06328125 0.1375
4 0.6109375 0.64453125 0.05546875 0.19453125
4 0.490625 0.43828125 0.0375 0.12578125
4 0.8484375 0.7 0.05 0.20859375
4 0.5140625 0.40625 0.040625 0.11015625