1 1 0.3737664671875 0.6166088578125 0.29149633750000004 0.0008680562500000001 0.8118548265625 0.004340278125 0.9360316015624999 0.2068865828125 1 1 1 1 0.3737664671875
0 0.6109375 0.72109375 0.0171875 0.01953125
4 0.6296875 0.6296875 0.07421875 0.2171875
4 0.71796875 0.60390625 0.06171875 0.21015625
0 0.79296875 0.58671875 0.01328125 0.021875
4 0.53046875 0.375 0.0390625 0.19140625
4 0.4640625 0.6328125 0.0890625 0.25859375
4 0.68125 0.50703125 0.040625 0.2078125
4 0.79609375 0.490625 0.03984375 0.2171875
0 0.53828125 0.45859375 0.0109375 0.021875
2 0.296875 0.40625 0.18203125 0.32734375
4 0.475 0.425 0.0453125 0.18515625
0 0.4609375 0.74765625 0.0109375 0.02421875
0 0.69765625 0.59921875 0.01328125 0.0203125
3 0.4578125 0.5046875 0.06171875 0.1359375
0 0.4453125 0.74453125 0.01015625 0.0234375
0 0.7875 0.565625 0.0140625 0.0296875
0 0.52265625 0.45703125 0.00859375 0.02421875
0 0.665625 0.584375 0.01171875 0.0171875