1 1 1 0.999501046875 0.47458078125 0.9961344406249999 0.46999180156250003 0.42773566093750004 0.37273532343750004 0 0.7569704578125 0.0031445062500000003 0.7940051703125001 0.6934307375000001 1 1 1
4 0.55859375 0.6609375 0.0578125 0.16875
3 0.3125 0.4515625 0.03828125 0.1015625
4 0.39296875 0.4078125 0.03046875 0.11875
0 0.66640625 0.53515625 0.01484375 0.03984375
3 0.8421875 0.58984375 0.04140625 0.16171875
4 0.56484375 0.54765625 0.0328125 0.109375
4 0.53046875 0.6109375 0.0296875 0.14296875
4 0.6671875 0.48203125 0.06015625 0.1140625
4 0.16796875 0.5953125 0.04140625 0.13671875
4 0.3015625 0.55546875 0.02890625 0.12734375
4 0.515625 0.48515625 0.03671875 0.11015625
2 0.2649323046875 0.3519032984375 0.18418183906250002 0.40514069687500004 0.172459996875 0.550964875 0.2219522171875 0.55327954375 0.2883759875 0.49772747656250005 0.2870735609375 0.3681059859375 0.2649323046875 0.3519032984375