1 0.0187736296875 0.856501246875 0.45508662343750006 0.92594133125 0.8966093265625 1 1 0.9930667468750001 0.9968961937499999 0.42365805312499993 0.1125483625 0.3472739609375 0.000539653125 0.4560634265625 0.0057493609375 0.86807459375 0.0187736296875 0.856501246875
4 0.8765625 0.41484375 0.03828125 0.09921875
5 0.86796875 0.33671875 0.03046875 0.06328125
4 0.57890625 0.3609375 0.025 0.14140625
4 0.76015625 0.49609375 0.05625 0.1515625
4 0.44140625 0.4953125 0.05859375 0.13984375
4 0.5109375 0.403125 0.01875 0.125
0 0.484375 0.42109375 0.02421875 0.0234375
5 0.4796875 0.81796875 0.0890625 0.2390625
4 0.6859375 0.38828125 0.0515625 0.11171875
3 0.06875 0.446875 0.0609375 0.115625