1 0.9997106390624999 0.41078801875000004 0.5888310796875 0.334688146875 0.004340278125 0.8097981031250001 0.5355903046875 0.999019303125 0.9962384171875 1 0.9997106390624999 0.41078801875000004
4 0.81171875 0.55625 0.03671875 0.17421875
4 0.63125 0.365625 0.0359375 0.14765625
2 0.3990161953125 0.31206388125 0.364293971875 0.29355310625 0.2653356390625 0.35442386406250004 0.2647569703125 0.5444769375 0.321469915625 0.5629877140625 0.401331028125 0.48071758437499995 0.3990161953125 0.31206388125
4 0.30546875 0.50625 0.040625 0.16640625
4 0.928125 0.5 0.03515625 0.17734375
4 0.43515625 0.42109375 0.0359375 0.16328125
4 0.78828125 0.36953125 0.05703125 0.1125
5 0.5859375 0.2640625 0.03125 0.15390625
3 0.40859375 0.45546875 0.053125 0.1265625
4 0.9796875 0.7625 0.03671875 0.17890625
4 0.6015625 0.31953125 0.034375 0.13046875