1 1 0.4583333328125 0.4466145828125 0.3541666671875 0.05729166718749999 0.7106481484375 0.9401041671874999 1 1 0.9976851859375 1 0.4583333328125
5 0.82734375 0.39765625 0.02421875 0.10703125
3 0.69609375 0.678125 0.03203125 0.1625
4 0.35703125 0.55078125 0.0265625 0.10234375
4 0.6625 0.4734375 0.034375 0.1171875
5 0.33984375 0.58359375 0.0328125 0.1328125
5 0.34921875 0.74140625 0.0484375 0.1578125
4 0.590625 0.65859375 0.05234375 0.128125
4 0.11640625 0.671875 0.0421875 0.1421875
4 0.4046875 0.54296875 0.0375 0.1125
5 0.409375 0.7328125 0.05390625 0.15234375
3 0.33828125 0.45234375 0.03828125 0.11171875
3 0.28125 0.76328125 0.0609375 0.1609375
5 0.36484375 0.63046875 0.0328125 0.1390625
5 0.9734375 0.88671875 0.0515625 0.19375
4 0.20546875 0.8 0.04375 0.1578125
4 0.78515625 0.65703125 0.04609375 0.14296875
5 0.0765625 0.60390625 0.02734375 0.115625
2 0.3294270828125 0.47222222187499996 0.3216145828125 0.358796296875 0.3072916671875 0.34027777812500004 0.24088541718749998 0.384259259375 0.23697916718749998 0.5069444437499999 0.26953125 0.516203703125 0.3294270828125 0.47222222187499996