1 1 0.3737664671875 0.29832175 0.2770990515625 0 0.548590428125 0 0.7867454031250001 0.9256366359375001 0.9985909625 1 0.9883071671874999 1 0.3737664671875
0 0.50546875 0.84765625 0.02734375 0.05
4 0.93203125 0.4328125 0.0234375 0.16015625
4 0.184375 0.54765625 0.04140625 0.1734375
4 0.3125 0.4984375 0.03671875 0.15859375
4 0.509375 0.3703125 0.03125 0.13125
4 0.72421875 0.440625 0.03828125 0.13828125
3 0.175 0.41484375 0.03203125 0.140625
2 0.06953125 0.371875 0.1296875 0.23203125
4 0.5671875 0.34140625 0.02578125 0.125
4 0.4796875 0.7765625 0.065625 0.19921875
4 0.46796875 0.62421875 0.059375 0.153125
5 0.7328125 0.27421875 0.0328125 0.13359375
0 0.509375 0.85 0.0140625 0.0234375