4 0.49609375 0.74921875 0.0328125 0.13125
4 0.52421875 0.73046875 0.02109375 0.153125
4 0.3875 0.53046875 0.01953125 0.0953125
5 0.61796875 0.71171875 0.02890625 0.11171875
4 0.40390625 0.4515625 0.02578125 0.0640625
5 0.96015625 0.63515625 0.02578125 0.09921875
4 0.3 0.56328125 0.03203125 0.10234375
4 0.6578125 0.46171875 0.02109375 0.084375
4 0.65078125 0.521875 0.01953125 0.0875
4 0.0859375 0.528125 0.02265625 0.090625
3 0.6734375 0.49375 0.0265625 0.08984375
5 0.015625 0.853125 0.03046875 0.16171875
4 0.69453125 0.390625 0.0171875 0.06875
3 0.434375 0.396875 0.02578125 0.053125