1 0.128177484375 1 0.9223497171874999 0.7307942703125 0.5176031125 0.37504999375 0 0.465322103125 0.0018420796875 1 0.128177484375 1
5 0.50859375 0.3453125 0.03046875 0.1015625
4 0.678125 0.61953125 0.0296875 0.13828125
4 0.8734375 0.665625 0.05390625 0.18828125
4 0.58671875 0.4671875 0.02578125 0.103125
4 0.59609375 0.55859375 0.021875 0.13359375
3 0.65 0.4828125 0.040625 0.11015625
4 0.6171875 0.6078125 0.03125 0.13828125
4 0.66875 0.540625 0.02578125 0.12265625
5 0.5421875 0.77890625 0.0453125 0.16953125
4 0.03046875 0.6515625 0.059375 0.18046875
4 0.6046875 0.4640625 0.0203125 0.07890625
2 0.649148225 0.3866233421875 0.6465433703125 0.4930981375 0.7012452984374999 0.5440208671875 0.7478705515625 0.531720196875 0.7298986890625 0.4074553671875 0.664777346875 0.3611619765625 0.649148225 0.3866233421875