1 1 0.4861111109375 0.3216145828125 0.40046296249999996 0 0.70601851875 0 0.76851851875 0.9609375 1 1 0.9953703703125001 1 0.4861111109375
5 0.68828125 0.890625 0.03125 0.178125
5 0.0828125 0.76328125 0.03203125 0.1375
4 0.1640625 0.82109375 0.03828125 0.15625
3 0.2328125 0.48671875 0.01484375 0.10625
4 0.30625 0.47890625 0.021875 0.09296875
5 0.2421875 0.75078125 0.05 0.13203125
4 0.4796875 0.54921875 0.034375 0.09375
4 0.70703125 0.60625 0.0328125 0.12734375
4 0.6 0.440625 0.02578125 0.09140625
4 0.12421875 0.6921875 0.02890625 0.11328125
4 0.4078125 0.4 0.02734375 0.08359375
4 0.48671875 0.8609375 0.04609375 0.13984375
4 0.31640625 0.83046875 0.04453125 0.15
5 0.55 0.3921875 0.02265625 0.08046875
4 0.43046875 0.61953125 0.04921875 0.13046875
4 0.41953125 0.84921875 0.05390625 0.13828125
4 0.3140625 0.55625 0.034375 0.096875
3 0.50703125 0.49140625 0.0234375 0.0671875
2 0.1315104171875 0.5601851859375 0.15625 0.5648148140625 0.2109375 0.5138888890625 0.20442708281250002 0.3981481484375 0.1861979171875 0.3888888890625 0.1315104171875 0.4375 0.1315104171875 0.5601851859375
0 0.61171875 0.47890625 0.00703125 0.0171875