1 1 0.43752577343750004 0.401331028125 0.334688146875 0 0.6946199125 0 0.867387153125 0.474247746875 1 1 1 1 0.43752577343750004
4 0.4796875 0.9359375 0.0484375 0.128125
4 0.16328125 0.65078125 0.03203125 0.17890625
4 0.33125 0.91484375 0.04453125 0.16875
4 0.13203125 0.9421875 0.04609375 0.115625
4 0.31015625 0.54765625 0.0328125 0.14296875
4 0.6328125 0.48671875 0.04140625 0.1421875
4 0.33984375 0.42578125 0.03125 0.13125
4 0.0609375 0.92265625 0.065625 0.1546875
3 0.2453125 0.465625 0.04140625 0.16953125
4 0.8890625 0.4546875 0.040625 0.15703125
4 0.459375 0.565625 0.0515625 0.14375
4 0.440625 0.44453125 0.0453125 0.1421875
4 0.6203125 0.35234375 0.053125 0.12578125
5 0.83125 0.346875 0.0296875 0.13125
4 0.7328125 0.66484375 0.05390625 0.171875
0 0.71796875 0.7203125 0.01328125 0.025
1 0.19762730625 0.3182341390625 0.102719915625 0.38405021562499997 0.1061921390625 0.521852671875 0.0865161953125 0.54242016875 0.15480325 0.55681745625 0.227719915625 0.4910013796875 0.22193286093750003 0.32234762968749997 0.19762730625 0.3182341390625