4 0.58828125 0.45703125 0.04375 0.11328125
0 0.0703125 0.7234375 0.021875 0.02578125
4 0.16640625 0.465625 0.03515625 0.1015625
4 0.46171875 0.3859375 0.0265625 0.09765625
4 0.72265625 0.77421875 0.02734375 0.146875
5 0.62578125 0.79140625 0.03203125 0.15234375
4 0.15625 0.746875 0.040625 0.134375
4 0.88046875 0.76640625 0.02890625 0.14140625
4 0.85 0.55390625 0.0265625 0.11640625
4 0.2625 0.69453125 0.03046875 0.1203125
5 0.95078125 0.7296875 0.03125 0.140625
5 0.425 0.35859375 0.021875 0.07578125
4 0.3390625 0.48671875 0.0328125 0.09765625
3 0.9640625 0.50390625 0.03203125 0.11484375