1 1 1 0.9991319437499999 0.37808641875000004 0.09201388906249999 0.2916666671875 0.0013020828125 0.375 0.0013020828125 0.8981481484374999 0.65234375 1 1 1
4 0.271875 0.884375 0.04296875 0.228125
4 0.27109375 0.52890625 0.053125 0.1515625
4 0.8046875 0.74921875 0.06640625 0.18046875
4 0.3265625 0.32265625 0.0296875 0.12421875
4 0.76875 0.59296875 0.05 0.15234375
4 0.27734375 0.66484375 0.0546875 0.1671875
4 0.06171875 0.89921875 0.0484375 0.2015625
4 0.184375 0.48359375 0.03828125 0.153125
4 0.8203125 0.58515625 0.040625 0.16796875
5 0.61015625 0.2921875 0.0390625 0.1171875
4 0.3265625 0.9203125 0.0453125 0.159375