1 1 1 0.9973958328125001 0.46527777812500004 0.2916666671875 0.3726851859375 0 0.64351851875 0 0.8425925921875 0.67578125 1 1 1
4 0.5421875 0.5828125 0.0359375 0.1140625
4 0.68828125 0.60859375 0.0484375 0.11796875
4 0.46796875 0.5046875 0.03203125 0.11484375
4 0.8109375 0.41171875 0.0328125 0.1109375
4 0.3140625 0.49765625 0.0390625 0.1015625
4 0.290625 0.778125 0.0546875 0.159375
3 0.171875 0.50859375 0.03125 0.1140625
4 0.28125 0.4640625 0.03671875 0.0984375
5 0.69296875 0.378125 0.02890625 0.10625
5 0.196875 0.87734375 0.03984375 0.16640625
4 0.34140625 0.65546875 0.0484375 0.13828125
2 0.1171875 0.3611111109375 0.03515625 0.42129629687500003 0.0377604171875 0.5578703703125 0.08203125 0.5694444437499999 0.1497395828125 0.5069444437499999 0.140625 0.3726851859375 0.1171875 0.3611111109375