1 0 0.7916905015625 0.9981986203125001 0.9097386437500001 0.995266384375 0.18449797343750002 0.77678605625 0.027849571875 0.40298955000000003 0.0255349015625 0.000539653125 0.247743171875 0 0.7916905015625
4 0.86640625 0.2640625 0.06015625 0.24140625
4 0.44765625 0.21015625 0.04140625 0.19140625
4 0.26796875 0.190625 0.0421875 0.19375
4 0.1546875 0.2078125 0.046875 0.20546875
4 0.79375 0.20546875 0.034375 0.19765625
4 0.71015625 0.1265625 0.0296875 0.14375
2 0.7416205312499999 0.36347664687500003 0.23106920625 0.3194979265625 0.145109034375 0.42365805312499993 0.1972061078125 0.9189973218749999 0.1972061078125 1 0.272746865625 0.8032638484374999 0.7088080515625 0.8727695796875 0.722084128125 0.9907520765625 0.7546448 0.9976960859374999 0.8067418734375 0.4768954515625 0.7416205312499999 0.36347664687500003
3 0.490625 0.6328125 0.265625 0.46875
4 0.1921875 0.19453125 0.03359375 0.18671875
4 0.56953125 0.0859375 0.028125 0.12578125