1 1 0.4953703703125 0.333984375 0.4050925921875 0 0.7141203703125 0 0.7928240734374999 0.8190494796875001 1 1 1 1 0.4953703703125
4 0.36953125 0.465625 0.02890625 0.10078125
4 0.31953125 0.56640625 0.034375 0.1109375
3 0.2390625 0.5 0.02265625 0.11875
4 0.5203125 0.48125 0.02421875 0.09921875
4 0.32734375 0.865625 0.0484375 0.16171875
4 0.4546875 0.4125 0.03125 0.09140625
4 0.75234375 0.59140625 0.028125 0.125
4 0.6234375 0.43359375 0.02109375 0.0984375
4 0.50625 0.90078125 0.0484375 0.15234375
5 0.58125 0.39140625 0.0265625 0.08828125
4 0.4375 0.88046875 0.0578125 0.146875
5 0.0609375 0.76640625 0.04453125 0.18984375
4 0.125 0.7203125 0.034375 0.12421875
4 0.5125 0.56328125 0.0296875 0.12734375
4 0.45859375 0.62578125 0.028125 0.12890625
0 0.69375 0.56953125 0.009375 0.0234375
2 0.1158854171875 0.5509259265625001 0.150390625 0.5706018515625 0.21028645781250002 0.5208333328125 0.20442708281250002 0.39351851875 0.1881510421875 0.38773148125 0.115234375 0.44097222187499996 0.1158854171875 0.5509259265625001