1 1 0.44800569843750004 0.41264423125 0.35541310625 0.41266025624999997 0.353988603125 0 0.71866096875 0.0003445515625 0.7621082625 0.7900480765625 0.9978632484375 1 1 1 0.44800569843750004
5 0.91328125 0.36640625 0.0359375 0.12265625
4 0.72265625 0.54921875 0.03671875 0.134375
4 0.41640625 0.6953125 0.04453125 0.15
4 0.5515625 0.54921875 0.02734375 0.12734375
5 0.5375 0.8984375 0.03984375 0.2015625
4 0.4125 0.46171875 0.03359375 0.10859375
5 0.0921875 0.70625 0.04609375 0.1546875
4 0.49375 0.4640625 0.03515625 0.1140625
5 0.66875 0.53984375 0.0328125 0.14375
4 0.584375 0.90234375 0.03984375 0.19453125
4 0.38359375 0.6078125 0.03515625 0.1078125
3 0.26171875 0.48203125 0.05625 0.1078125
5 0.471875 0.92421875 0.04375 0.15
0 0.41875 0.7375 0.01328125 0.02265625
2 0.24799679531250002 0.334045584375 0.172275640625 0.3888888890625 0.1730769234375 0.5263532765625001 0.21354166718749998 0.5377492875 0.2760416671875 0.4743589734375 0.2684294875 0.341168090625 0.24799679531250002 0.334045584375