1 1 1 0.9986979171874999 0.47222222187499996 0.3502604171875 0.36805555624999997 0.0013020828125 0.6828703703125 0 0.678240740625 0.0026041671875 0.8495370375 0.5677083328125 1 1 1
4 0.596875 0.60625 0.03203125 0.15546875
4 0.525 0.49765625 0.04375 0.13828125
4 0.7265625 0.62109375 0.03671875 0.15390625
4 0.90390625 0.428125 0.03125 0.11796875
4 0.3234375 0.4875 0.04140625 0.1265625
4 0.31875 0.778125 0.059375 0.16953125
4 0.36328125 0.6203125 0.04765625 0.15625
5 0.775 0.3796875 0.03203125 0.115625
0 0.21328125 0.515625 0.009375 0.02109375
3 0.228125 0.50234375 0.0515625 0.071875
5 0.24296875 0.903125 0.04921875 0.1703125
2 0.1666666671875 0.3541666671875 0.08333333281250001 0.40972222187499996 0.08333333281250001 0.5555555562500001 0.12890625 0.571759259375 0.1979166671875 0.5138888890625 0.1901041671875 0.3611111109375 0.1666666671875 0.3541666671875