1 0.328819434375 1 0.5232639625 0.9518519218750001 0.75937503125 0.8950617609375 0.9996527671875001 0.8481482187499999 1 0.6179012296875 0.70937503125 0.3493827109375 0.0024305656249999997 0.44567900781249997 0.0024305656249999997 1 0.328819434375 1
4 0.115625 0.3921875 0.0296875 0.13671875
4 0.390625 0.4828125 0.053125 0.1484375
4 0.4 0.90546875 0.071875 0.1890625
4 0.59765625 0.54296875 0.08203125 0.18046875
4 0.5046875 0.5171875 0.059375 0.18359375
4 0.71328125 0.46796875 0.06953125 0.15859375
4 0.546875 0.4046875 0.0421875 0.13671875
5 0.29765625 0.9234375 0.06953125 0.153125
4 0.61484375 0.88359375 0.04375 0.23203125
4 0.6640625 0.86015625 0.0546875 0.21796875
4 0.603125 0.7515625 0.040625 0.13359375
4 0.68046875 0.73359375 0.04453125 0.11015625
0 0.709375 0.81328125 0.025 0.028125
3 0.85234375 0.51640625 0.046875 0.1640625
2 0.9298610999999999 0.5567901187500001 0.9385416984375 0.3913580578125 0.8607639624999999 0.33950620625 0.856597296875 0.49012345156250003 0.9298610999999999 0.5567901187500001