1 1 0.521852671875 0.415219915625 0.42518525625 0 0.79334405 0 0.9146924999999999 0.3353588046875 0.9969625828125 0.46383107968750004 1 1 1 1 0.521852671875
4 0.35390625 0.5375 0.03203125 0.115625
4 0.625 0.44375 0.03203125 0.13359375
4 0.571875 0.48984375 0.04375 0.1171875
4 0.5203125 0.40234375 0.03515625 0.10234375
4 0.4828125 0.48203125 0.02890625 0.13203125
4 0.32578125 0.5328125 0.04453125 0.1078125
3 0.278125 0.52578125 0.04140625 0.13203125
5 0.81015625 0.425 0.03203125 0.125
4 0.5328125 0.4609375 0.0265625 0.121875
4 0.91875 0.684375 0.04140625 0.1765625
2 0.232349528125 0.40461775937500005 0.145543971875 0.45809331875000003 0.1443865828125 0.567101203125 0.13512730625 0.62263353125 0.18200230625 0.629115221875 0.256655084375 0.5609309453125 0.2508680828125 0.40873125000000005 0.232349528125 0.40461775937500005