1 1 0.39591772812500003 0 0.43291673125 0 0.976864059375 1 0.9166826531250001 1 0.39591772812500003
4 0.303125 0.5734375 0.025 0.12265625
4 0.12890625 0.56328125 0.04296875 0.128125
5 0.60234375 0.86796875 0.03984375 0.203125
4 0.875 0.53828125 0.0265625 0.128125
4 0.6015625 0.434375 0.03515625 0.10234375
4 0.90546875 0.58125 0.034375 0.13125
4 0.9015625 0.90078125 0.03515625 0.17421875
4 0.39375 0.47265625 0.02890625 0.11484375
4 0.49609375 0.48828125 0.028125 0.109375
4 0.509375 0.36953125 0.02265625 0.08125
0 0.1484375 0.6234375 0.01328125 0.0203125
5 0.690625 0.35703125 0.0171875 0.096875