1 1 0.5115688765625 0.40364585937499997 0.4190149984375 0 0.795400771875 0 0.8715006890625 0.49160885781249997 1 1 1 1 0.5115688765625
4 0.38984375 0.5390625 0.04609375 0.11640625
4 0.35859375 0.5125 0.034375 0.1125
4 0.471875 0.47734375 0.03046875 0.12109375
4 0.72734375 0.4703125 0.03125 0.13046875
3 0.275 0.51640625 0.0296875 0.12109375
4 0.60859375 0.5296875 0.02578125 0.128125
5 0.80234375 0.4265625 0.028125 0.1140625
4 0.43125 0.49609375 0.028125 0.13203125
4 0.5640625 0.4109375 0.02890625 0.11640625
4 0.8375 0.6984375 0.03828125 0.16875
4 0.53203125 0.45234375 0.02578125 0.103125
0 0.58125 0.46328125 0.0078125 0.01328125
2 0.14901619531250002 0.6000093125 0.1872106390625 0.6144065515625 0.25781252656250003 0.54653370625 0.2497106390625 0.41078801875000004 0.227719915625 0.40461775937500005 0.146701415625 0.4663203453125 0.14901619531250002 0.6000093125