1 0.9996527671875001 0.9938271562500001 1 0.35679011875 0.928819434375 0.341975303125 0.3107639 0.460493821875 0.0017361000000000002 0.51975308125 0 0.6901234515625 0.7746527671875 0.9938271562500001 0.9996527671875001 0.9938271562500001
4 0.98515625 0.390625 0.0296875 0.284375
4 0.925 0.45234375 0.071875 0.33203125
4 0.74453125 0.44453125 0.07890625 0.29375
4 0.62578125 0.44609375 0.0609375 0.275
4 0.40859375 0.559375 0.0828125 0.28671875
4 0.19140625 0.675 0.03828125 0.35546875
4 0.4328125 0.48828125 0.05 0.3046875
3 0.475 0.43671875 0.065625 0.1015625
0 0.58359375 0.13828125 0.03203125 0.0625
5 0.57890625 0.7859375 0.0828125 0.346875
2 0.3107639 0.1765432421875 0.310069434375 0.4623456734375 0.492708365625 0.4209876875 0.492708365625 0.15679011874999998 0.3107639 0.1765432421875