1 0 1 0.72771996875 0.9969625828125 0.9962384171875 0.9434869765625 0.9939236375 0.6575983609375 0.595775525 0.30383685312500003 0 0.40997942031249995 0 1
4 0.52421875 0.42265625 0.0390625 0.1796875
4 0.18671875 0.453125 0.05 0.18359375
2 0.86875 0.42109375 0.165625 0.2984375
4 0.2796875 0.44609375 0.04375 0.1921875
3 0.71640625 0.4171875 0.0453125 0.15
4 0.35078125 0.50859375 0.06328125 0.19765625
4 0.503125 0.4203125 0.034375 0.1640625
4 0.25234375 0.3625 0.06328125 0.14609375
5 0.409375 0.26640625 0.034375 0.15703125
0 0.353125 0.3984375 0.01796875 0.02890625