1 1 0.6555416390625 0.8156828609375 0.45192306093749995 0.0506365828125 0.47249060312499996 0 0.548590428125 0 0.7789468109375 0.46383107968750004 0.7912873281249999 0.63512730625 0.7748332734375001 1 0.7357550015625 1 0.6555416390625
4 0.240625 0.42578125 0.0171875 0.06015625
5 0.25859375 0.43046875 0.01875 0.06953125
4 0.70703125 0.5015625 0.0203125 0.0796875
4 0.1796875 0.75546875 0.0203125 0.11015625
4 0.178125 0.6109375 0.03828125 0.09609375
4 0.42421875 0.6359375 0.01796875 0.10546875
5 0.90390625 0.7046875 0.01875 0.08984375
4 0.21484375 0.534375 0.01796875 0.06875
5 0.19453125 0.72421875 0.02734375 0.1078125
4 0.13203125 0.76875 0.02578125 0.11875
4 0.63359375 0.50625 0.01484375 0.07578125
4 0.06875 0.56796875 0.01796875 0.08046875
4 0.1109375 0.7390625 0.025 0.121875
3 0.7828125 0.490625 0.01875 0.065625
4 0.0609375 0.76640625 0.02421875 0.11171875
4 0.87421875 0.79765625 0.01796875 0.1140625
4 0.415625 0.47890625 0.0140625 0.04453125
3 0.05546875 0.57109375 0.0234375 0.06796875
2 0.9024884171875 0.4683770671875 0.89207175 0.5383066796875 0.9314236375 0.5814984890625 0.9589120281250001 0.5751028765624999 0.958043971875 0.49511486875 0.9117477468749999 0.4601500875 0.9024884171875 0.4683770671875
4 0.0390625 0.73828125 0.02734375 0.1015625