1 1 0.6204613109375 0.615451415625 0.3983320015625 0.345775471875 0.3962752328125 0 0.5854964796875 0 1 1 1 1 0.6204613109375
5 0.934375 0.46953125 0.0375 0.0609375
3 0.81796875 0.66015625 0.1203125 0.2359375
4 0.2640625 0.5125 0.0390625 0.11953125
4 0.925 0.58359375 0.065625 0.16796875
4 0.503125 0.48828125 0.0296875 0.1078125
4 0.834375 0.56640625 0.06015625 0.159375
4 0.5203125 0.446875 0.02421875 0.09296875
5 0.240625 0.40625 0.0140625 0.03125
4 0.83125 0.5296875 0.03984375 0.0578125
4 0.6796875 0.46171875 0.02109375 0.11015625
0 0.92421875 0.66171875 0.0171875 0.02734375
4 0.98671875 0.5125 0.0265625 0.125
4 0.5609375 0.428125 0.015625 0.075
4 0.6390625 0.42109375 0.01796875 0.0765625
2 0.7126736375 0.9906768234375001 0.72251346875 0.6370767109375 0.11313658281250001 0.6555416390625 0.138599528125 1 0.7126736375 0.9906768234375001
3 0.47890625 0.38984375 0.0140625 0.05
2 0.4626736375 0.35514016718749997 0.4626736375 0.3962752328125 0.506655084375 0.3962752328125 0.5043403046875 0.35102665312500003 0.4626736375 0.35514016718749997