1 0 0.9328703703125001 0.7083333328125 1 1 0.9953703703125001 0.9986979171874999 0.428240740625 0.0260416671875 0.365740740625 0 0.42592592656250006 0 0.9328703703125001
4 0.25 0.890625 0.04140625 0.171875
4 0.52265625 0.6265625 0.046875 0.14921875
4 0.30703125 0.5734375 0.04375 0.12734375
4 0.4859375 0.43984375 0.0375 0.10546875
4 0.3671875 0.4046875 0.0328125 0.08828125
4 0.77421875 0.52265625 0.04609375 0.11640625
4 0.51640625 0.715625 0.04921875 0.15546875
4 0.81171875 0.46171875 0.025 0.11875
4 0.29453125 0.44375 0.04453125 0.11015625
5 0.0734375 0.7984375 0.040625 0.16328125
5 0.2328125 0.903125 0.0390625 0.19375
5 0.56171875 0.35390625 0.0328125 0.0859375
0 0.503125 0.48671875 0.01484375 0.0265625