4 0.3296875 0.5765625 0.028125 0.09296875
4 0.56328125 0.49765625 0.02109375 0.07421875
5 0.8453125 0.759375 0.02890625 0.10546875
4 0.553125 0.65390625 0.02109375 0.109375
4 0.80859375 0.634375 0.03359375 0.0953125
4 0.35546875 0.471875 0.01484375 0.06953125
3 0.73359375 0.58671875 0.03359375 0.0984375
4 0.76171875 0.60859375 0.03046875 0.09609375
5 0.221875 0.4203125 0.01875 0.06328125
4 0.0671875 0.57109375 0.03203125 0.08125
3 0.05859375 0.52890625 0.0203125 0.08515625
4 0.1546875 0.68125 0.0171875 0.08984375
4 0.13671875 0.78515625 0.03046875 0.14609375