1 0.8524306296875 0.9987654640624999 1 0.9987654640624999 0.9965277671875 0.4012345625 0.389930565625 0.3098765765625 0.003819434375 0.6580247234375001 0 0.7592593296875 0.8524306296875 0.9987654640624999
5 0.86328125 0.31796875 0.0359375 0.13671875
4 0.725 0.5390625 0.05859375 0.15390625
4 0.74765625 0.45234375 0.03984375 0.13984375
4 0.55859375 0.49453125 0.04609375 0.17890625
4 0.4859375 0.41796875 0.0296875 0.16328125
4 0.440625 0.62890625 0.05703125 0.16640625
4 0.1234375 0.64140625 0.05546875 0.20625
4 0.3078125 0.4921875 0.05 0.15859375
4 0.31015625 0.3953125 0.02578125 0.06171875
5 0.725 0.89296875 0.06328125 0.2140625
2 0.2434027671875 0.441975303125 0.2371527671875 0.29259260625 0.167708365625 0.3444444578125 0.1732639 0.5123456734375 0.2434027671875 0.441975303125
3 0.20390625 0.46328125 0.07265625 0.07265625