1 0.12296777656249999 1 0.4902521484375 0.8703892640625 0.917141384375 0.726164640625 0.5163006859375 0.3773646625 0 0.4676367734375 0 1 0.12296777656249999 1
4 0.5984375 0.60078125 0.01484375 0.125
4 0.50390625 0.5984375 0.03359375 0.1203125
5 0.5203125 0.33984375 0.02578125 0.08359375
5 0.5578125 0.76484375 0.04140625 0.18046875
5 0.79296875 0.73984375 0.0359375 0.16484375
4 0.5859375 0.5328125 0.0296875 0.10546875
4 0.4453125 0.4875 0.04609375 0.11015625
4 0.0328125 0.60390625 0.03828125 0.12890625
4 0.934375 0.703125 0.05390625 0.12109375
4 0.48203125 0.50546875 0.03828125 0.07421875
2 0.66217249375 0.35421796875 0.64524094375 0.365791315625 0.638728809375 0.4930981375 0.6986404453125 0.5463355359375 0.7504747171874999 0.5301769875 0.731201115625 0.5162448328125 0.7272938359375 0.40514069687500004 0.66217249375 0.35421796875