1 0 0.884259259375 1 0.921296296875 0.9986979171874999 0.36805555624999997 0.73046875 0.22916666718749998 0.3645833328125 0.2199074078125 0 0.4166666671875 0 0.884259259375
2 0.8606770828125001 1 0.9192708328125001 0.4328703703125 0.8346354171874999 0.38194444375000003 0.3203125 0.3726851859375 0.24609375 0.4143518515625 0.2747395828125 1 0.8606770828125001 1
4 0.3890625 0.5703125 0.04375 0.30859375
4 0.67890625 0.50078125 0.0796875 0.2875
5 0.04140625 0.30703125 0.04375 0.15703125
4 0.71796875 0.34453125 0.0421875 0.16015625
4 0.4234375 0.390625 0.05078125 0.1390625
4 0.6734375 0.38359375 0.03671875 0.17890625
4 0.28046875 0.30546875 0.03984375 0.13984375
5 0.959375 0.27578125 0.03671875 0.1359375
4 0.590625 0.290625 0.0296875 0.12578125
4 0.33828125 0.6328125 0.09140625 0.38515625
4 0.6578125 0.77109375 0.24765625 0.2015625
0 0.6515625 0.5546875 0.04296875 0.0859375
2 0.5755208328125 0.1574074078125 0.5221354171875 0.1550925921875 0.5247395828125 0.2199074078125 0.5768229171875 0.22916666718749998 0.5755208328125 0.1574074078125