1 0.9955937671875 0.7685438062500001 0.9851743515625 0.7083624000000001 0.6463080515625 0.39591772812500003 0.000539653125 0.4792101203125 0.0031445062500000003 0.9884374078124999 0.079987690625 0.9976960859374999 0.9955937671875 0.7685438062500001
4 0.59765625 0.60078125 0.04609375 0.14609375
4 0.515625 0.48125 0.034375 0.10625
4 0.40390625 0.42578125 0.04765625 0.10234375
4 0.1203125 0.4734375 0.04375 0.14609375
4 0.4359375 0.5390625 0.05390625 0.1390625
4 0.5 0.6125 0.0453125 0.16015625
4 0.5328125 0.5984375 0.03125 0.14140625
5 0.6640625 0.76875 0.04453125 0.19921875
3 0.771875 0.51015625 0.03984375 0.1265625
5 0.54765625 0.3515625 0.0375 0.08828125
4 0.55546875 0.8515625 0.03125 0.153125
2 0.7689714953125 0.384308671875 0.7650642140625 0.4930981375 0.8236734234374999 0.5555942140625 0.8575365203124999 0.550964875 0.8549316671874999 0.43060206093750003 0.7846006171875 0.37504999375 0.7689714953125 0.384308671875