5 0.4453125 0.27421875 0.03828125 0.08125
1 0.5587384171875 1 0.9962384171875 0.8575102843750001 0.998553303125 0.8429458234375 0.44994213906249997 0.367835890625 0 0.46656002812499997 0 1 0.5587384171875 1
4 0.27890625 0.49296875 0.03828125 0.15078125
4 0.44765625 0.690625 0.0390625 0.19296875
4 0.115625 0.46171875 0.028125 0.1484375
4 0.8453125 0.67578125 0.053125 0.15234375
5 0.3609375 0.909375 0.04375 0.17578125
3 0.73125 0.5796875 0.03671875 0.165625
4 0.0203125 0.67109375 0.0375 0.19375
4 0.45546875 0.3640625 0.0515625 0.11328125
2 0.66637730625 0.35114215312499997 0.6293403046875 0.363482671875 0.627025525 0.532136421875 0.7034144140625 0.595895775 0.778356471875 0.5828189265625 0.752025525 0.5300796531249999 0.7554977468749999 0.4231285359375 0.66637730625 0.35114215312499997
4 0.6515625 0.4671875 0.03828125 0.1640625
4 0.6859375 0.51484375 0.02578125 0.16953125