1 0.2115161953125 1 1 0.78511706875 0.9997106390624999 0.703189296875 0.6200810796875 0.353198921875 0 0.4416393109375 0 1 0.2115161953125 1
4 0.309375 0.4890625 0.04296875 0.13203125
4 0.54453125 0.503125 0.04453125 0.128125
0 0.5546875 0.58125 0.01484375 0.03359375
4 0.3484375 0.46875 0.04609375 0.12421875
3 0.67265625 0.4890625 0.04375 0.1140625
4 0.0859375 0.8765625 0.06171875 0.22265625
4 0.2125 0.36953125 0.03203125 0.11171875
5 0.51640625 0.31953125 0.0234375 0.09453125
4 0.56875 0.50546875 0.0296875 0.1234375
4 0.4890625 0.5359375 0.03046875 0.12109375
4 0.5265625 0.4375 0.0375 0.096875
5 0.259375 0.9109375 0.0453125 0.178125
2 0.86082175 0.4622068078125 0.8631366359375001 0.3943339640625 0.787905084375 0.3388016375 0.76707175 0.3449718953125 0.7624421921875 0.48071758437499995 0.8284144140624999 0.54242016875 0.8859953609375 0.530349790625 0.88396996875 0.5300796531249999 0.8631366359375001 0.50951215625 0.86082175 0.4622068078125