1 1 0.4098066171875 0.3274487921875 0.307924578125 0 0.6065169421875 0.000539653125 0.8194665359375 0.712967140625 1 1 1 1 0.4098066171875
4 0.596875 0.5046875 0.0515625 0.11875
4 0.5140625 0.61953125 0.04609375 0.16796875
4 0.6515625 0.53359375 0.03828125 0.13359375
4 0.7625 0.61953125 0.0359375 0.17265625
4 0.44921875 0.58203125 0.0328125 0.14921875
3 0.22265625 0.46015625 0.046875 0.1140625
5 0.078125 0.746875 0.0421875 0.20234375
4 0.67890625 0.5171875 0.04375 0.1109375
0 0.6359375 0.58828125 0.0109375 0.01953125
2 0.059148860937500006 0.5069861546875 0.09952409375 0.5162448328125 0.17495388437499998 0.44838686250000004 0.16985514375 0.30098057031250003 0.13989932656249998 0.2917218921875 0.053939154687500004 0.35884730781249996 0.059148860937500006 0.5069861546875