1 0 0.8015710296874999 0.4525463046875 0.8036278453125 0.6319444703125 0.7912873281249999 1 0.7563224984375 0.994213025 0.6205768109375 0.833333359375 0.45397982812500004 0.02199075 0.4745473265625 0 0.5136256453125 0 0.8015710296874999
4 0.37578125 0.6453125 0.0171875 0.109375
4 0.15 0.76640625 0.02109375 0.13046875
4 0.203125 0.6 0.02109375 0.1
4 0.6703125 0.50546875 0.01328125 0.0796875
4 0.11015625 0.78671875 0.028125 0.1296875
4 0.20625 0.52890625 0.01796875 0.0765625
5 0.95703125 0.71796875 0.02109375 0.09921875
3 0.03828125 0.578125 0.02109375 0.0953125
4 0.72109375 0.5109375 0.02109375 0.0859375
4 0.4078125 0.47265625 0.015625 0.07578125
4 0.89375 0.82265625 0.02578125 0.1265625
4 0.0875 0.7546875 0.02578125 0.1296875
4 0.0296875 0.790625 0.02578125 0.12578125
4 0.23125 0.4390625 0.0171875 0.06796875
3 0.81875 0.5109375 0.01796875 0.08125
5 0.21875 0.4375 0.02265625 0.0609375
4 0.00703125 0.76875 0.01328125 0.10859375
2 0.9236111375 0.4622068078125 0.918981471875 0.54242016875 0.9641203609375 0.5856119796875 0.9927661953125 0.5812757171875 0.989583359375 0.5012851281249999 0.9432870281250001 0.4642635765625 0.9236111375 0.4622068078125