1 1 0.67548500625 0.6560019765625 0.3593474390625 0.000744046875 0.45326278281250004 0 0.9982363281250001 0.606894834375 0.8342151640625 1 0.7442680734375 1 0.67548500625
4 0.10703125 0.553125 0.05 0.1515625
0 0.2 0.46953125 0.0140625 0.021875
4 0.59140625 0.4453125 0.0328125 0.13046875
4 0.634375 0.53984375 0.053125 0.0484375
4 0.6859375 0.5265625 0.05390625 0.0671875
4 0.765625 0.5828125 0.046875 0.15234375
5 0.6140625 0.33046875 0.03125 0.0984375
4 0.61953125 0.46484375 0.034375 0.12421875
4 0.91484375 0.71953125 0.04296875 0.17265625
5 0.565625 0.778125 0.040625 0.18203125
4 0.47890625 0.83828125 0.03984375 0.1828125
4 0.3296875 0.89296875 0.05 0.196875
2 0.8397817390625001 0.5286596078125 0.845982165625 0.39506172500000003 0.7854662625 0.3492063484375 0.7785218781250001 0.4761904859375 0.8397817390625001 0.5286596078125
3 0.76640625 0.440625 0.02109375 0.13125
4 0.7734375 0.5203125 0.0234375 0.1234375