1 0.997395859375 0.66702538125 0.5946180828125 0.3173773640625 0 0.42232509843750005 0.0008680562500000001 0.9899355484375001 0.0564236375 0.9940490859375 0.997395859375 0.718444171875 0.997395859375 0.66702538125
2 0.78203125 0.403125 0.11484375 0.2078125
5 0.49296875 0.7953125 0.03828125 0.19296875
4 0.61484375 0.43671875 0.0296875 0.11953125
4 0.634375 0.58125 0.02890625 0.13984375
3 0.725 0.45390625 0.03046875 0.1140625
4 0.55859375 0.40859375 0.0328125 0.109375
4 0.70546875 0.5078125 0.02421875 0.09921875
4 0.484375 0.5921875 0.04609375 0.15390625
4 0.94375 0.61484375 0.034375 0.16171875
5 0.571875 0.2828125 0.03125 0.10625
4 0.703125 0.59453125 0.0390625 0.1578125
4 0.1921875 0.63984375 0.07421875 0.14609375