5 0.76796875 0.40625 0.02421875 0.084375
1 0.42484681406249997 0.8354901968749999 0.6739093140625 0.797363834375 0.8595465687500001 0.7728867109374999 1 0.7570915031250001 0.9998651953125 0.6634095859375 0.9465808828125001 0.6127450984375 0.7897549015625 0.463507625 0.7545220593749999 0.428104575 0.7116360296875001 0.43355119843749995 0.311868871875 0.47113289687500004 0.0006127453125 0.49727668906250005 0.000306371875 0.91335511875 0.1555943625 0.8828758171875 0.42484681406249997 0.8354901968749999
4 0.7546875 0.43671875 0.0265625 0.08203125
4 0.7875 0.4203125 0.0171875 0.06875
4 0.79765625 0.43828125 0.0171875 0.065625
4 0.79453125 0.4984375 0.01953125 0.09609375
4 0.77890625 0.51796875 0.02109375 0.1
4 0.82578125 0.4984375 0.02578125 0.109375
3 0.84375 0.5078125 0.015625 0.06953125
2 0.8572303921875 0.4270152515625 0.8529411765624999 0.527777778125 0.8995098046875001 0.5697167765625 0.9077818625 0.46514161249999997 0.8572303921875 0.4270152515625
0 0.8828125 0.52734375 0.01015625 0.0171875
4 0.028125 0.7921875 0.05546875 0.1375
4 0.50390625 0.49453125 0.01953125 0.1
4 0.52734375 0.75078125 0.03359375 0.134375