1 0.00031250624999999997 0.6863034328125 0.00031250624999999997 0.7697008578125 0.1098210453125 0.7948670453125 0.39453125624999996 0.85612060625 0.6431356984375001 0.9168993421874999 0.9472756468749999 1 0.99880476875 0.9993898375000001 0.999933225 0.4692545109375 0.577568109375 0.41417379218750006 0.333775371875 0.380237415625 0.09165865937499999 0.6035968796875 0.00031250624999999997 0.6863034328125
2 0.1461004296875 0.4139363734375 0.1521768140625 0.5486704640625 0.21233975 0.493974371875 0.2064636734375 0.3686182359375 0.1461004296875 0.4139363734375
3 0.15546875 0.52734375 0.05546875 0.05546875
4 0.21328125 0.5328125 0.0390625 0.1375
4 0.2453125 0.52890625 0.02421875 0.13984375
4 0.26171875 0.5296875 0.0234375 0.12734375
4 0.3265625 0.4953125 0.03828125 0.13125
4 0.33515625 0.63046875 0.03515625 0.1359375
4 0.34140625 0.7203125 0.04453125 0.16484375
4 0.365625 0.83828125 0.034375 0.18125
4 0.41953125 0.82578125 0.04375 0.20234375
4 0.4640625 0.83671875 0.03828125 0.1921875
4 0.50703125 0.84375 0.04296875 0.18125
4 0.665625 0.3796875 0.03828125 0.096875
4 0.74453125 0.44609375 0.03046875 0.1171875
4 0.89375 0.67421875 0.059375 0.15859375
4 0.66953125 0.884375 0.0328125 0.20390625