3 0.7875 0.490625 0.03828125 0.075
4 0.75 0.4765625 0.040625 0.13984375
5 0.9078125 0.64453125 0.04453125 0.1234375
4 0.45234375 0.6421875 0.02890625 0.10546875
4 0.3703125 0.4875 0.0203125 0.0875
4 0.10546875 0.51171875 0.02578125 0.090625
4 0.02421875 0.4890625 0.034375 0.08203125
4 0.15703125 0.68984375 0.03984375 0.12734375
4 0.55390625 0.7359375 0.0203125 0.12734375
4 0.525 0.4640625 0.01640625 0.0921875
5 0.26875 0.37421875 0.02578125 0.065625
4 0.6625 0.71171875 0.03203125 0.1203125
5 0.4734375 0.74453125 0.02265625 0.13203125