1 0 0.8814814953125 0.8621527671875 1 1 0.9975308593750001 0.997569434375 0.49012345156250003 0 0.40000001406249996 0 0.8814814953125
4 0.8640625 0.628125 0.07109375 0.2234375
4 0.6375 0.45 0.046875 0.17890625
4 0.48515625 0.5203125 0.059375 0.20546875
4 0.55625 0.57265625 0.03671875 0.18984375
4 0.20234375 0.37421875 0.03671875 0.13828125
4 0.8046875 0.55703125 0.059375 0.18671875
4 0.109375 0.78984375 0.08984375 0.30703125
4 0.02265625 0.778125 0.0453125 0.31015625
4 0.22734375 0.73984375 0.103125 0.225
4 0.34296875 0.77265625 0.0875 0.2171875
5 0.7078125 0.85390625 0.075 0.271875
4 0.37734375 0.49140625 0.07265625 0.17265625