1 1 0.621212121875 0.668087121875 0.313922559375 0 0.40146464687499994 0 1 0.110350378125 1 0.26612689375 0.953703703125 0.266098484375 0.9545454546875 1 0.778619528125 1 0.621212121875
4 0.415625 0.55390625 0.06328125 0.1171875
4 0.56171875 0.63828125 0.03984375 0.1484375
4 0.33203125 0.5515625 0.02890625 0.1453125
4 0.48203125 0.8828125 0.0421875 0.2015625
4 0.490625 0.340625 0.03046875 0.09609375
4 0.5890625 0.578125 0.03359375 0.13359375
4 0.61015625 0.453125 0.03125 0.11015625
4 0.44140625 0.440625 0.0515625 0.0984375
3 0.809375 0.453125 0.04453125 0.1015625
5 0.8984375 0.71796875 0.04375 0.1671875
5 0.26171875 0.32890625 0.040625 0.090625
2 0.8773674249999999 0.50673400625 0.91856060625 0.5042087546875 0.921875 0.3577441078125 0.84375 0.2996633 0.816287878125 0.30555555624999997 0.8125 0.4124579125 0.8191287875000001 0.4520202015625 0.8773674249999999 0.50673400625