1 1 0.50951215625 0.5251736375 0.4128447390625 0.048321750000000004 0.8303656015625 0.5679977468749999 0.999019303125 1 1 1 0.50951215625
3 0.190625 0.7375 0.0734375 0.090625
2 0.3666088046875 0.3943339640625 0.34693286093750003 0.38199344687500003 0.270543971875 0.44575280156249997 0.2728588046875 0.5588742234375 0.26822919375 0.5876687953124999 0.3087384171875 0.5982510249999999 0.37355325 0.5444769375 0.3712384171875 0.52802293125 0.3666088046875 0.3943339640625
4 0.3375 0.49921875 0.02109375 0.125
4 0.47578125 0.63828125 0.02890625 0.159375
4 0.2828125 0.709375 0.071875 0.08515625
4 0.34921875 0.53671875 0.0375 0.109375
4 0.91484375 0.6359375 0.0609375 0.15703125
4 0.4109375 0.58203125 0.05625 0.1328125
4 0.45625 0.484375 0.046875 0.11015625
5 0.2265625 0.6203125 0.0578125 0.14609375