4 0.16875 0.51640625 0.028125 0.11484375
4 0.5859375 0.46640625 0.03984375 0.090625
5 0.21640625 0.89765625 0.034375 0.1796875
4 0.67734375 0.48515625 0.025 0.090625
4 0.5890625 0.60625 0.04453125 0.12109375
0 0.70234375 0.4953125 0.0078125 0.01484375
4 0.903125 0.9015625 0.04375 0.178125
4 0.215625 0.41796875 0.02421875 0.096875
5 0.4 0.3625 0.02890625 0.084375
4 0.35234375 0.47265625 0.03671875 0.1046875
4 0.9421875 0.88828125 0.04140625 0.16875
5 0.83828125 0.88984375 0.0328125 0.18046875
4 0.365625 0.40078125 0.025 0.08828125
5 0.87421875 0.8375 0.053125 0.13984375