1 1 1 0.9978705515625 0.4993127890625 0.5540710640625 0.40977003593749994 0.0018420796875 0.8912212890625 0 1 1 1
3 0.4078125 0.5265625 0.03984375 0.1484375
4 0.6296875 0.48125 0.034375 0.165625
4 0.57890625 0.54140625 0.04921875 0.19609375
4 0.73125 0.80078125 0.05 0.23828125
4 0.5046875 0.6484375 0.04140625 0.221875
4 0.5125 0.521875 0.0453125 0.153125
5 0.890625 0.41015625 0.03984375 0.165625
4 0.9203125 0.5015625 0.04765625 0.171875
0 0.46171875 0.6671875 0.01328125 0.02265625
2 0.31051724375 0.37273532343750004 0.198508534375 0.4560634265625 0.1906939734375 0.641236984375 0.1828794125 0.6528103328125 0.2478705515625 0.67986834375 0.348287621875 0.5949435937499999 0.34959004843749997 0.39125268125 0.31051724375 0.37273532343750004