1 1 0.643201121875 0.662905084375 0.3449718953125 0.0031828609374999995 0.4501028765625 0 1 0.5633680828125 1 1 0.9085222406250001 1 0.643201121875
4 0.07109375 0.4078125 0.03203125 0.15703125
4 0.35390625 0.4546875 0.0359375 0.1546875
3 0.7765625 0.45625 0.046875 0.140625
4 0.7296875 0.5015625 0.0359375 0.1578125
4 0.603125 0.39765625 0.0375 0.1328125
4 0.30390625 0.69296875 0.0625 0.1859375
2 0.9015625 0.45546875 0.14140625 0.2609375
4 0.55546875 0.5515625 0.03125 0.14375
4 0.67109375 0.56015625 0.04765625 0.15703125
5 0.39296875 0.32578125 0.02421875 0.13828125
0 0.51796875 0.36796875 0.009375 0.0140625
4 0.53125 0.328125 0.0265625 0.084375