1 0 0.8912212890625 0.9981986203125001 0.8472425687499999 0.999501046875 0.5185595015625 0.6217972609375 0.2940365625 0.339170634375 0.2986659015625 0 0.4722661125 0 0.8912212890625
5 0.13515625 0.33671875 0.02421875 0.0984375
4 0.484375 0.35234375 0.021875 0.1015625
2 0.6457788671875 0.4965020359375 0.15162116718750002 0.5046714859375 0.1919964 1 0.2701420109375 0.8611305859374999 0.628946940625 0.8635103203125001 0.6457788671875 0.4965020359375
4 0.28515625 0.44375 0.0609375 0.1578125
3 0.4734375 0.6421875 0.090625 0.3265625
4 0.08671875 0.5796875 0.06953125 0.2890625
4 0.6671875 0.425 0.0375 0.165625
4 0.43984375 0.41328125 0.0265625 0.146875
4 0.61953125 0.528125 0.04375 0.209375
4 0.5578125 0.53828125 0.0453125 0.2109375
5 0.7875 0.33359375 0.0203125 0.08984375
0 0.6171875 0.3234375 0.01484375 0.02890625