1 0.5371395156250001 0.8703892640625 1 0.780117153125 0.999501046875 0.6389223140625 0.722696940625 0.3743127890625 0.016168775 0.4514340875 0 0.4560634265625 0.0031445062500000003 1 0.5371395156250001 0.8703892640625
4 0.36875 0.571875 0.05078125 0.11953125
4 0.45703125 0.55390625 0.03359375 0.10703125
4 0.42421875 0.4546875 0.034375 0.10390625
4 0.23671875 0.41953125 0.0296875 0.0875
4 0.221875 0.5640625 0.03046875 0.1234375
4 0.6421875 0.6984375 0.034375 0.125
4 0.025 0.50859375 0.0390625 0.11875
3 0.82734375 0.50078125 0.034375 0.09375
4 0.6625 0.67890625 0.03828125 0.09140625
5 0.56875 0.80390625 0.03203125 0.16796875
4 0.6265625 0.83984375 0.0265625 0.159375
5 0.5015625 0.3546875 0.02890625 0.08671875
2 0.8549316671874999 0.37504999375 0.8484195328125 0.4930981375 0.8979117531249999 0.5393915265625 0.9440511062500001 0.539436246875 0.9382869859375 0.41902871406250003 0.8744680703125001 0.3611619765625 0.8549316671874999 0.37504999375
0 0.63984375 0.77421875 0.009375 0.01171875