1 1 0.5740740875 0.4899306296875 0.66543213125 0.0017361000000000002 0.7679012296875001 0.0024305656249999997 0.9938271562500001 0.9982639624999999 0.9938271562500001 1 0.5740740875
4 0.81484375 0.68359375 0.0640625 0.3578125
4 0.70859375 0.6921875 0.08203125 0.30703125
4 0.64921875 0.71171875 0.065625 0.2921875
4 0.59609375 0.725 0.07421875 0.30625
4 0.4203125 0.715625 0.06171875 0.2546875
4 0.3890625 0.9015625 0.0765625 0.19296875
4 0.3140625 0.8875 0.06640625 0.225
4 0.234375 0.89375 0.06328125 0.21171875
4 0.128125 0.87890625 0.06484375 0.24140625
2 0.488194434375 0.6679012296875 0.48854169843750006 0.34691361249999997 0.2746527671875 0.3765432421875 0.2732639 0.70246916875 0.488194434375 0.6679012296875
4 0.36484375 0.53515625 0.08671875 0.21640625
0 0.334375 0.45546875 0.025 0.04921875
4 0.26328125 0.7515625 0.071875 0.1890625
5 0.6453125 0.9421875 0.06640625 0.115625