1 0.9881366359375001 1 0.9927661953125 0.4683770671875 0.5946180828125 0.38816370624999996 0 0.9007201609375001 0.004340278125 1 0.9881366359375001 1
4 0.896875 0.471875 0.06015625 0.17578125
2 0.2796875 0.5125 0.18515625 0.33515625
5 0.609375 0.31953125 0.05546875 0.18359375
4 0.5453125 0.5484375 0.05 0.2203125
4 0.56875 0.346875 0.0296875 0.16328125
4 0.51875 0.52578125 0.0359375 0.2
4 0.365625 0.55390625 0.0328125 0.21796875
0 0.4 0.52265625 0.009375 0.015625
3 0.384375 0.49765625 0.0375 0.1140625
0 0.3953125 0.53671875 0.009375 0.015625
0 0.55625 0.58359375 0.00859375 0.0265625