1 1 1 0.9961344406249999 0.4098066171875 0.4433647828125 0.3148685875 0.000539653125 0.7060477296875 0 0.8333545515624999 0.5801196015625 1 1 1
4 0.39375 0.5046875 0.03515625 0.1171875
4 0.52421875 0.55234375 0.046875 0.16875
4 0.5796875 0.50234375 0.0390625 0.16875
5 0.409375 0.8875 0.0375 0.225
4 0.596875 0.4203125 0.03359375 0.140625
5 0.878125 0.57421875 0.0375 0.18203125
3 0.434375 0.46875 0.04296875 0.09609375
4 0.70390625 0.6703125 0.034375 0.19609375
4 0.9234375 0.65 0.040625 0.18828125
2 0.24018619375 0.2940365625 0.1581333015625 0.35884730781249996 0.15162116718750002 0.4560634265625 0.141201753125 0.5185595015625 0.20111338750000002 0.5347621874999999 0.27535171875 0.47458078125 0.272746865625 0.30098057031250003 0.24018619375 0.2940365625