1 1 0.55486834375 0.6413336640625 0.36347664687500003 0.51239340625 0.365791315625 0.31312209687500003 0.3565326375 0 0.5139301625 0 1 1 1 1 0.55486834375
4 0.6125 0.5109375 0.0375 0.18359375
4 0.47890625 0.4296875 0.02578125 0.13046875
4 0.21875 0.51796875 0.07265625 0.18125
4 0.72578125 0.4828125 0.040625 0.1796875
4 0.44765625 0.5015625 0.03046875 0.16484375
4 0.80625 0.81328125 0.09296875 0.3734375
2 0.057846434375 0.6180902890625 0.083894971875 0.9861227375 0.7455278109375 0.995381415625 0.7468302390625 0.61114628125 0.6673822 0.562538221875 0.172459996875 0.562538221875 0.057846434375 0.6180902890625
4 0.66875 0.67265625 0.053125 0.29375
3 0.3984375 0.77109375 0.11875 0.28359375
5 0.0640625 0.4078125 0.03125 0.12265625
5 0.84921875 0.4 0.0234375 0.1125
2 0.510891384375 0.358880690625 0.511090978125 0.2940365625 0.45638905156250004 0.2986659015625 0.45638905156250004 0.3565326375 0.510891384375 0.358880690625