1 0 0.79334405 0.8469328609375 0.9907923234375 1 1 0.998553303125 0.3963907328125 0.3284143609375 0.2956098265625 0 0.5936213953125 0 0.79334405
4 0.9671875 0.45546875 0.021875 0.15546875
2 0.10390625 0.39140625 0.12734375 0.23359375
4 0.559375 0.38515625 0.0359375 0.12890625
4 0.2625 0.525 0.05234375 0.15703125
4 0.49140625 0.41171875 0.03515625 0.128125
4 0.69375 0.490625 0.0359375 0.1515625
5 0.78359375 0.30703125 0.03046875 0.13359375
3 0.1453125 0.453125 0.05 0.1328125
4 0.2375 0.5125 0.02578125 0.1546875
4 0.3703125 0.6640625 0.06015625 0.13984375