2 0.7955729171875 0.3125 0.7096354171875 0.259259259375 0.22916666718749998 0.29398148125 0.13671875 0.3425925921875 0.1979166671875 1 0.7708333328125 0.9745370375 0.7955729171875 0.3125
1 0 0.821759259375 0.99609375 0.76851851875 1 0.34722222187499996 0.6510416671875 0.1921296296875 0.30078125 0.1851851859375 0 0.33101851875 0 0.821759259375
4 0.42890625 0.265625 0.0375 0.12578125
4 0.665625 0.29453125 0.04375 0.17109375
4 0.525 0.26484375 0.03671875 0.12734375
4 0.4765625 0.21328125 0.02109375 0.09921875
5 0.0828125 0.22890625 0.03671875 0.12578125
4 0.9203125 0.2390625 0.03125 0.12734375
5 0.96796875 0.2421875 0.03671875 0.1421875
4 0.715625 0.31875 0.0515625 0.16328125
4 0.3359375 0.484375 0.10078125 0.35390625
3 0.44375 0.59609375 0.1890625 0.26796875
2 0.5069444437499999 0.12345678906249999 0.4577546296875 0.1265432109375 0.45659722187499996 0.1851851859375 0.5081018515625 0.1862139921875 0.5069444437499999 0.12345678906249999