3 0.8 0.4578125 0.02421875 0.084375
4 0.5109375 0.48203125 0.02890625 0.09609375
4 0.37578125 0.64140625 0.040625 0.10546875
4 0.190625 0.70546875 0.0390625 0.13046875
4 0.12890625 0.48984375 0.02890625 0.08828125
4 0.33046875 0.440625 0.02421875 0.06796875
4 0.71015625 0.72265625 0.0296875 0.1265625
4 0.06328125 0.4484375 0.01875 0.0671875
5 0.51484375 0.74453125 0.0234375 0.13359375
5 0.2796875 0.3796875 0.01796875 0.06796875
4 0.590625 0.7375 0.025 0.12890625
5 0.865625 0.66328125 0.0234375 0.103125
4 0.77109375 0.50546875 0.03203125 0.10234375