5 0.98828125 0.65078125 0.02109375 0.1328125
4 0.56875 0.76640625 0.03203125 0.15625
4 0.42109375 0.53046875 0.03515625 0.12109375
4 0.41171875 0.675 0.03046875 0.14375
4 0.50625 0.44765625 0.02890625 0.103125
4 0.3609375 0.815625 0.03671875 0.1640625
4 0.11484375 0.578125 0.0359375 0.14375
4 0.584375 0.434375 0.0234375 0.096875
4 0.7046875 0.45546875 0.03125 0.12109375
4 0.53203125 0.471875 0.0265625 0.1140625
5 0.3953125 0.3109375 0.021875 0.0859375
4 0.55 0.52265625 0.0625 0.06796875
3 0.73359375 0.47734375 0.0421875 0.06796875