4 0.278125 0.66640625 0.08984375 0.48125
4 0.35 0.621875 0.0625 0.46953125
4 0.4171875 0.68515625 0.0796875 0.44921875
3 0.26875 0.38515625 0.07421875 0.11328125
4 0.2046875 0.40625 0.06875 0.46953125
4 0.303125 0.25703125 0.08203125 0.28203125
3 0.378125 0.34140625 0.084375 0.215625
4 0.4203125 0.2578125 0.08203125 0.15546875
4 0.49453125 0.34296875 0.08828125 0.19921875
4 0.5640625 0.41875 0.084375 0.25
4 0.6859375 0.6890625 0.1546875 0.4609375
3 0.75 0.6453125 0.19765625 0.52109375
4 0.68203125 0.30546875 0.11953125 0.21796875