1 1 0.4889446109375 0.37355325 0.3922772421875 0 0.71244855625 0 0.9739099281250001 0.1293403046875 0.9985909625 1 1 1 0.4889446109375
4 0.953125 0.49765625 0.0390625 0.16328125
4 0.484375 0.5515625 0.06015625 0.15234375
2 0.1109375 0.49296875 0.15078125 0.27109375
4 0.6953125 0.45625 0.0375 0.1328125
3 0.31875 0.503125 0.046875 0.12578125
5 0.74453125 0.359375 0.05078125 0.13203125
4 0.615625 0.4265625 0.05078125 0.125
4 0.7140625 0.40234375 0.02734375 0.11953125
0 0.59375 0.4734375 0.02109375 0.03828125
4 0.63359375 0.4484375 0.02734375 0.06328125
4 0.63828125 0.46640625 0.04921875 0.12421875