1 1 0.5115688765625 0.0946180828125 0.4231285359375 0 0.5341931890625 0 1 1 1 1 0.5115688765625
5 0.62109375 0.4140625 0.0453125 0.12109375
0 0.85859375 0.45859375 0.0140625 0.02734375
3 0.96875 0.61953125 0.0546875 0.17109375
4 0.153125 0.6234375 0.08359375 0.1671875
3 0.0171875 0.5171875 0.034375 0.21953125
4 0.18984375 0.4875 0.053125 0.109375
4 0.2734375 0.5125 0.0375 0.15859375
4 0.4421875 0.46484375 0.03828125 0.134375
4 0.38828125 0.4828125 0.06171875 0.1609375
4 0.3359375 0.4640625 0.0453125 0.11484375
4 0.1875 0.40546875 0.0265625 0.04375