1 1 0.7123456734375 0.805208365625 0.534567896875 0.5732639625 0.334567896875 0.0010416984375 0.42839509375 0 0.9962963671875 0.3371527671875 0.9913580578125 1 0.8061728718750001 1 0.7123456734375
4 0.6734375 0.63046875 0.0640625 0.21328125
4 0.596875 0.6 0.0671875 0.15625
4 0.521875 0.6078125 0.04140625 0.18359375
4 0.46484375 0.57109375 0.08125 0.11484375
4 0.38828125 0.6078125 0.05625 0.18359375
4 0.27890625 0.3859375 0.0390625 0.14375
4 0.2828125 0.909375 0.05859375 0.18046875
3 0.7234375 0.52421875 0.05546875 0.1390625
0 0.73125 0.6234375 0.021875 0.03984375
4 0.51640625 0.46015625 0.05546875 0.13984375
4 0.53828125 0.39140625 0.025 0.06875
2 0.8017361 0.541975303125 0.8093750312499999 0.36666668125 0.731597296875 0.3222222359375 0.730208365625 0.4851851984375 0.8017361 0.541975303125
5 0.10546875 0.9453125 0.0421875 0.109375