1 1 0.6185200875 0.873553303125 0.47866086250000006 0.11660880468749998 0.48071758437499995 0 0.60412275625 0 0.768663015625 0.5008680828125 0.8077412875000001 1 0.78511706875 1 0.6185200875
4 0.31171875 0.4609375 0.0109375 0.04609375
4 0.1671875 0.61875 0.02265625 0.08203125
4 0.17890625 0.64375 0.02265625 0.0953125
4 0.1421875 0.65546875 0.025 0.075
4 0.57109375 0.6046875 0.01953125 0.090625
4 0.15390625 0.7171875 0.03046875 0.1109375
4 0.51953125 0.49453125 0.01484375 0.06796875
4 0.553125 0.5609375 0.01953125 0.08359375
4 0.08125 0.628125 0.04765625 0.07578125
4 0.09140625 0.7359375 0.034375 0.121875
4 0.19140625 0.78203125 0.028125 0.0984375
4 0.253125 0.6484375 0.01953125 0.08125
3 0.88515625 0.5359375 0.021875 0.0765625
4 0.21875 0.70390625 0.04140625 0.10234375
3 0.12109375 0.61171875 0.04609375 0.0859375
5 0.3828125 0.4609375 0.0140625 0.0671875
4 0.690625 0.528125 0.0234375 0.08046875
4 0.303125 0.5765625 0.01796875 0.07421875
5 0.78046875 0.68359375 0.02265625 0.09375
2 1 0.5074553875000001 0.9684606390624999 0.48071758437499995 0.9615161953125 0.4910013796875 0.95457175 0.569157971875 0.9916088578125001 0.6123498296875 0.9965378406250001 0.6076940937499999 1 0.5300796531249999 1 0.5074553875000001
2 0 0.6102930140625 0.0344328609375 0.570473246875 0.026331028125 0.4910013796875 0.013599528125 0.48277435312500006 0.0008680562500000001 0.5012851281249999 0 0.6102930140625