1 0 0.9444445140625 0.3871527671875 0.961728428125 0.7590277671875 0.9882716 0.767708365625 0.48271604375 0.21631943437499998 0.4481481625 0 0.433333346875 0 0.9444445140625
4 0.65546875 0.56484375 0.078125 0.23515625
4 0.39375 0.46171875 0.0625 0.1953125
4 0.35078125 0.5296875 0.0671875 0.178125
4 0.371875 0.72890625 0.05546875 0.2234375
4 0.425 0.69140625 0.0515625 0.23984375
4 0.24921875 0.709375 0.065625 0.228125
4 0.265625 0.52265625 0.0546875 0.20625
3 0.56640625 0.66171875 0.103125 0.21015625
0 0.47890625 0.646875 0.03125 0.046875
2 0.8232639624999999 0.411111125 0.7663194343749999 0.40864197031250005 0.7704861000000001 0.46543213124999994 0.7673611 0.7067901187500001 0.841319434375 0.7098765765625 0.8260416984375001 0.47530863749999996 0.8232639624999999 0.411111125