1 1 0.6121399140625 0.8596644140624999 0.45603655 0.0969328609375 0.4642635765625 0 0.5876687953124999 0 0.7748332734375001 0.4881366359375 0.787173790625 1 0.75837921875 1 0.6121399140625
4 0.2828125 0.434375 0.01640625 0.0609375
4 0.13671875 0.571875 0.025 0.06640625
4 0.1484375 0.72734375 0.03203125 0.12578125
5 0.33671875 0.43828125 0.01484375 0.04921875
4 0.47109375 0.471875 0.0171875 0.06640625
4 0.065625 0.75078125 0.02109375 0.12265625
4 0.12421875 0.73125 0.02421875 0.109375
4 0.1703125 0.76171875 0.0265625 0.11328125
4 0.23515625 0.74453125 0.03984375 0.10625
3 0.821875 0.49765625 0.0171875 0.08203125
3 0.07109375 0.5453125 0.01953125 0.08515625
4 0.6078125 0.52109375 0.01875 0.0796875
4 0.265625 0.5375 0.01796875 0.07734375
4 0.5453125 0.62265625 0.0234375 0.096875
4 0.15859375 0.64375 0.04140625 0.08125
4 0.7171875 0.50703125 0.01953125 0.0796875
5 0.8546875 0.69921875 0.01953125 0.11171875
4 0.87578125 0.80390625 0.02265625 0.1140625
2 1 0.5012851281249999 0.9557291937500001 0.4642635765625 0.9418403046874999 0.47660409374999996 0.9372106390624999 0.548590428125 0.97771996875 0.5876687953124999 1 0.5812757171875 1 0.5012851281249999
2 0 0.5856119796875 0.0188078609375 0.5565843578125 0.006655084375 0.48071758437499995 0 0.4930581015625 0 0.5856119796875