1 0 0.45987654375 0.0034722218749999997 0.9043209875 0.5625 0.8888888890625 0.9982638890625 0.9043209875 1 0.45679012343750003 0 0.45987654375
4 0.178125 0.5625 0.0234375 0.11875
4 0.50859375 0.57265625 0.0265625 0.1015625
0 0.47734375 0.6140625 0.01015625 0.015625
4 0.4765625 0.81796875 0.04453125 0.1390625
4 0.6984375 0.71875 0.03046875 0.10625
4 0.7078125 0.57578125 0.03203125 0.0953125
4 0.59453125 0.540625 0.0453125 0.096875
4 0.5328125 0.46328125 0.02890625 0.07734375
4 0.4328125 0.42578125 0.01953125 0.08828125
5 0.65078125 0.40546875 0.02265625 0.08828125
5 0.62109375 0.8984375 0.03984375 0.1765625
5 0.4140625 0.8640625 0.0640625 0.16015625