2 0.20703125 0.9398148140625 0.7786458328125 0.9259259265625 0.8294270828125001 0.2615740734375 0.7356770828125 0.222222221875 0.22916666718749998 0.2199074078125 0.23828125 0.222222221875 0.1354166671875 0.2708333328125 0.20703125 0.9398148140625
1 0.6458333328125 0.1828703703125 0.3111979171875 0.18055555625 0 0.3263888890625 0.0026041671875 0.7731481484375 0.9986979171874999 0.733796296875 1 0.3425925921875 0.6458333328125 0.1828703703125
3 0.38828125 0.63515625 0.125 0.1734375
4 0.25703125 0.46640625 0.07421875 0.3265625
4 0.578125 0.440625 0.0703125 0.3078125
4 0.465625 0.246875 0.0328125 0.15546875
4 0.621875 0.271875 0.0296875 0.1734375
4 0.7078125 0.2984375 0.040625 0.17578125
4 0.92265625 0.23125 0.040625 0.153125
4 0.5234375 0.2015625 0.03125 0.1109375
2 0.4546875 0.11944444375 0.4578125 0.1851851859375 0.509375 0.1861111109375 0.5088541671875 0.11944444375 0.4546875 0.11944444375
3 0.49921875 0.15859375 0.021875 0.0578125
5 0.0859375 0.22578125 0.02578125 0.12265625