1 0.607026790625 0.8644656109375 0.8075446421875 0.9081992953125001 0.9998065515624999 0.9533492078125001 0.999905753125 0.4582222234375 0.980960328125 0.4557530859375 0.7594623 0.4338836 0.6409315515625 0.42153791875 0.4902639 0.4060176359375 0.29454464687500004 0.38344268125 0.27187401875 0.38238448125 0.228427590625 0.4218906515625 0.10228175625 0.5395114640625 0.00024801406250000004 0.6340388 0.00040872812499999996 0.7569029984375 0.270283728125 0.7999365109375 0.607026790625 0.8644656109375
3 0.1890625 0.49765625 0.03828125 0.11796875
4 0.28984375 0.6828125 0.03515625 0.153125
4 0.2890625 0.59765625 0.0328125 0.12734375
0 0.36484375 0.63046875 0.0203125 0.028125
4 0.30078125 0.78984375 0.03203125 0.178125
4 0.3578125 0.78046875 0.03515625 0.1609375
4 0.3984375 0.79140625 0.0390625 0.17890625
4 0.44140625 0.7953125 0.03984375 0.16875
4 0.46640625 0.7296875 0.04921875 0.10859375
4 0.521875 0.71953125 0.04765625 0.1359375
5 0.58125 0.8546875 0.04375 0.18125
4 0.6546875 0.54453125 0.040625 0.11328125
4 0.54375 0.44296875 0.03984375 0.09375
4 0.72265625 0.4015625 0.02265625 0.103125
4 0.7421875 0.38515625 0.0234375 0.10234375
4 0.93515625 0.61171875 0.0359375 0.15234375
5 0.0609375 0.74921875 0.04296875 0.15546875
2 0.0967758046875 0.41622575 0.1041170625 0.54065255625 0.158085328125 0.48660670625 0.1525297671875 0.37232099218750003 0.0967758046875 0.41622575