1 0.9929889125000001 0.858815915625 0.9981986203125001 0.581055578125 0.77678605625 0.37504999375 0.7739122171874999 0.3727695796875 0.000539653125 0.442175409375 0.0031445062500000003 1 0.2414886203125 0.9930667468750001 0.9929889125000001 0.858815915625
2 0.9883219406249999 0.5672140234375 0.9981986203125001 0.42365805312499993 0.9265651437500001 0.3681059859375 0.9161457296875 0.500042146875 0.9883219406249999 0.5672140234375
4 0.8578125 0.4921875 0.03828125 0.12734375
4 0.74296875 0.49765625 0.0359375 0.14453125
4 0.7265625 0.4296875 0.03046875 0.13203125
4 0.5890625 0.77578125 0.03203125 0.16171875
4 0.54296875 0.69140625 0.040625 0.1640625
4 0.384375 0.61171875 0.065625 0.16953125
4 0.44375 0.42734375 0.04609375 0.12265625
4 0.26171875 0.3796875 0.025 0.10625
4 0.2703125 0.6109375 0.06953125 0.1953125
5 0.62734375 0.34609375 0.02265625 0.13203125
5 0.31875 0.9 0.05390625 0.2