5 0.6671875 0.3078125 0.02265625 0.1015625
1 0.0529027890625 0.9999012578125 0.5370578671875 0.8710946609375 0.9995370328125001 0.7735884875 0.997685209375 0.63495473125 0.8129629875 0.4691358265625 0.6828703671875 0.35288065625 0.0024328671875 0.44405762343750005 0.00011806562500000001 0.9990781875 0.0529027890625 0.9999012578125
4 0.6484375 0.42421875 0.028125 0.11875
4 0.7359375 0.4640625 0.04296875 0.10234375
4 0.684375 0.54609375 0.053125 0.16171875
4 0.59453125 0.5578125 0.03359375 0.15078125
4 0.75234375 0.6578125 0.06875 0.1234375
4 0.803125 0.675 0.05390625 0.14453125
0 0.85625 0.7046875 0.01484375 0.028125
4 0.50078125 0.85 0.0375 0.18984375
5 0.5015625 0.7546875 0.0359375 0.06171875
4 0.51875 0.58828125 0.04921875 0.13515625
4 0.05703125 0.4765625 0.03515625 0.1359375
5 0.2640625 0.9125 0.0453125 0.17421875
3 0.85234375 0.50859375 0.04765625 0.10859375
2 0.8203703671874999 0.33909466093749996 0.8151620328125 0.471399175 0.8791666765624999 0.5300411515625 0.8861111218750001 0.3876543265625 0.8203703671874999 0.33909466093749996