5 0.796875 0.2453125 0.0296875 0.1296875
1 1 0.4910013796875 0.802951415625 0.2956098265625 0.0008680562500000001 0.379936725 0 1 0.225405084375 1 1 0.8605967031249999 1 0.4910013796875
4 0.22578125 0.6328125 0.06015625 0.18046875
5 0.53359375 0.82421875 0.04921875 0.21328125
4 0.61328125 0.50703125 0.05078125 0.1515625
4 0.83671875 0.56328125 0.0421875 0.1625
4 0.915625 0.4796875 0.03359375 0.159375
4 0.70625 0.55859375 0.0390625 0.17265625
4 0.21015625 0.53046875 0.03125 0.1234375
4 0.69296875 0.4453125 0.025 0.14609375
4 0.209375 0.5125 0.025 0.0453125
2 0.998553303125 0.31206388125 0.9916088578125001 0.283269309375 0.9719328609375 0.2976665953125 0.9684606390624999 0.4416393109375 1 0.484831121875 0.998553303125 0.31206388125