1 0.6710069703125 0.45809331875000003 0.38512730624999997 0.40667448124999994 0.196469915625 0.577385 0 0.76249275625 0.002025471875 0.8036278453125 0.7115161953125 1 1 0.999019303125 0.9997106390624999 0.5115688765625 0.6710069703125 0.45809331875000003
4 0.37890625 0.43125 0.0234375 0.09375
4 0.640625 0.4359375 0.03046875 0.10625
4 0.38515625 0.5609375 0.0296875 0.11328125
4 0.28984375 0.56015625 0.021875 0.11875
4 0.6109375 0.5578125 0.02890625 0.11875
4 0.5578125 0.48359375 0.02421875 0.10078125
5 0.80390625 0.42890625 0.03671875 0.09765625
4 0.41953125 0.471875 0.02421875 0.1125
4 0.6875 0.73984375 0.04609375 0.1640625
4 0.81953125 0.53046875 0.02734375 0.1234375
3 0.2875 0.49375 0.01875 0.103125
2 0.247395859375 0.40873125000000005 0.22193286093750003 0.3963907328125 0.1559606390625 0.45603655 0.1524884171875 0.569157971875 0.151331028125 0.5814984890625 0.1872106390625 0.5856119796875 0.2497106390625 0.52802293125 0.247395859375 0.40873125000000005