1 0.28576389999999996 0.9987654640624999 0.997569434375 0.75679011875 0.47465276718749994 0.3049382671875 0 0.3962963109375 0.0010416984375 1 0.28576389999999996 0.9987654640624999
4 0.1375 0.48515625 0.05 0.178125
4 0.52578125 0.61875 0.05625 0.1828125
4 0.6234375 0.62734375 0.0546875 0.2
4 0.6796875 0.59453125 0.04765625 0.190625
4 0.571875 0.43046875 0.053125 0.1734375
2 0.7184027671875 0.5123456734375 0.7204861 0.3444444578125 0.644097296875 0.287654353125 0.63437503125 0.45555556875000003 0.7184027671875 0.5123456734375
4 0.70625 0.415625 0.0375 0.15859375
4 0.20390625 0.9125 0.05703125 0.175
3 0.63671875 0.41875 0.065625 0.13203125
5 0.1390625 0.91171875 0.06796875 0.1765625