1 1 0.48542389999999996 0.5618856265625001 0.40514069687500004 0 0.8958506281249999 0 1 1 1 1 0.48542389999999996
3 0.41640625 0.559375 0.071875 0.11328125
0 0.37421875 0.57265625 0.02109375 0.03515625
4 0.5359375 0.690625 0.04765625 0.22890625
4 0.721875 0.7890625 0.04140625 0.18671875
4 0.703125 0.51875 0.08125 0.1765625
4 0.8578125 0.48359375 0.04609375 0.16875
4 0.64765625 0.5578125 0.05703125 0.16796875
5 0.84375 0.4 0.06796875 0.16015625
4 0.66328125 0.51015625 0.02734375 0.15
2 0.330053646875 0.3704206546875 0.2219522171875 0.444490078125 0.220649790625 0.6273489671875 0.198508534375 0.6366076453125 0.276516384375 0.6613498265625 0.3626143171875 0.581055578125 0.3587070375 0.37504999375 0.330053646875 0.3704206546875