1 1 0.719300946875 0.57262730625 0.35114215312499997 0 0.4501028765625 0 1 0.2809606390625 1 1 0.783060253125 1 0.719300946875
2 0.78515625 0.4375 0.12109375 0.2375
4 0.27890625 0.603125 0.0359375 0.16015625
4 0.2515625 0.51640625 0.0390625 0.15390625
4 0.3890625 0.47890625 0.04609375 0.12109375
4 0.525 0.44140625 0.040625 0.12890625
4 0.378125 0.35546875 0.0328125 0.1078125
4 0.08671875 0.5375 0.0359375 0.146875
4 0.6078125 0.60703125 0.040625 0.13203125
4 0.2140625 0.64921875 0.08125 0.1625
4 0.79609375 0.63125 0.053125 0.15390625
5 0.075 0.359375 0.0328125 0.1375
3 0.74921875 0.48203125 0.0421875 0.14921875