1 1 0.858815915625 0.9955937671875 0.5370768578125 0.823391384375 0.3743127890625 0 0.4514340875 0.0031445062500000003 1 0.27925900000000003 0.995381415625 1 0.858815915625
4 0.853125 0.52578125 0.03828125 0.17578125
3 0.87734375 0.490625 0.040625 0.115625
4 0.81015625 0.54609375 0.05078125 0.16171875
4 0.4390625 0.66015625 0.0546875 0.16640625
4 0.4265625 0.5171875 0.0484375 0.12265625
4 0.434375 0.4453125 0.03828125 0.10859375
4 0.35625 0.3984375 0.04375 0.10625
4 0.27578125 0.5484375 0.0484375 0.13515625
0 0.271875 0.6359375 0.025 0.0328125
5 0.3296875 0.8953125 0.0640625 0.209375
4 0.4078125 0.8265625 0.07421875 0.21328125
5 0.63671875 0.3359375 0.02265625 0.1015625
2 1 0.37273532343750004 0.9786622171875001 0.3681059859375 0.9726969406249999 0.50394241875 1 0.55327954375 1 0.37273532343750004