1 1 0.51337448125 0.42332175000000005 0.4210717671875 0 0.795400771875 0.0031828609374999995 0.9270330171875001 0.3052661953125 1 1 1 1 0.519795903125 1 0.51337448125
2 0.2641842125 0.55690273125 0.25318286093750003 0.400504221875 0.2300346953125 0.3922772421875 0.145543971875 0.4601500875 0.1362846953125 0.616463271875 0.182581028125 0.6267470687500001 0.2641842125 0.55690273125
5 0.85390625 0.42734375 0.04453125 0.12734375
3 0.296875 0.49296875 0.0375 0.153125
4 0.32421875 0.54140625 0.03828125 0.10859375
4 0.371875 0.525 0.0421875 0.109375
4 0.45390625 0.46015625 0.03046875 0.14375
4 0.48984375 0.4859375 0.0359375 0.1703125
4 0.54453125 0.4765625 0.03984375 0.1359375
4 0.63046875 0.4671875 0.06328125 0.15078125
4 0.54921875 0.38671875 0.02890625 0.07265625
0 0.640625 0.5265625 0.0140625 0.01015625