1 0.3294270828125 0.20833333281250002 0.0013020828125 0.3703703703125 0 0.8495370375 1 0.8611111109375 0.9973958328125001 0.34722222187499996 0.71484375 0.21064814843750002 0.3294270828125 0.20833333281250002
2 0.8528645828125001 1 0.9153645828125001 0.3611111109375 0.8033854171874999 0.321759259375 0.2981770828125 0.3101851859375 0.20963541718749998 0.34027777812500004 0.24609375 0.983796296875 0.8528645828125001 1
4 0.60859375 0.2796875 0.03203125 0.14140625
4 0.43203125 0.4765625 0.0640625 0.3015625
4 0.359375 0.40625 0.05859375 0.275
4 0.39765625 0.31015625 0.03359375 0.178125
4 0.25546875 0.24140625 0.02734375 0.11484375
3 0.49609375 0.559375 0.08984375 0.4078125
4 0.25234375 0.21796875 0.0140625 0.04921875
2 0.5533854171875 0.13888888906250002 0.5 0.14351851875 0.5026041671875 0.215277778125 0.5572916671875 0.21296296250000002 0.5533854171875 0.13888888906250002
3 0.5390625 0.196875 0.0234375 0.07421875
5 0.7578125 0.19921875 0.015625 0.06484375
4 0.79765625 0.2109375 0.021875 0.1015625
5 0.053125 0.2625 0.03359375 0.14140625