1 1 0.3796296296875 0 0.3796296296875 0.00340111875 0.9691568328125 0.9982638890625 0.9753086421875 1 0.3796296296875
5 0.2046875 0.9109375 0.0546875 0.1734375
4 0.259375 0.71796875 0.0453125 0.1484375
4 0.3671875 0.62421875 0.03359375 0.14140625
4 0.15 0.43984375 0.02890625 0.1109375
4 0.30390625 0.44765625 0.03515625 0.11796875
4 0.5453125 0.68203125 0.0625 0.1640625
4 0.53828125 0.56484375 0.03515625 0.10625
4 0.69140625 0.4203125 0.02578125 0.09453125
4 0.66796875 0.38515625 0.0234375 0.09921875
5 0.7796875 0.315625 0.0390625 0.11796875
0 0.4 0.42578125 0.01328125 0.03203125