1 0.4453125 0.2893518515625 0 0.5138888890625 0.0013020828125 0.7615740734374999 0.9986979171874999 0.9421296296874999 0.9973958328125001 0.45601851875 0.7369791671875 0.3125 0.4453125 0.2893518515625
2 0.2513020828125 0.9513888890625 0.765625 1 0.8190104171874999 0.5 0.73828125 0.43981481406249995 0.3059895828125 0.41203703750000004 0.31640625 0.41898148125 0.21614583281250002 0.47453703750000004 0.2513020828125 0.9513888890625
3 0.3765625 0.684375 0.11171875 0.2109375
4 0.196875 0.47109375 0.06640625 0.08125
4 0.1734375 0.40546875 0.040625 0.134375
4 0.465625 0.36015625 0.021875 0.12265625
4 0.50546875 0.46171875 0.04453125 0.1734375
4 0.63828125 0.42265625 0.04921875 0.14609375
4 0.6703125 0.38203125 0.03359375 0.14375
4 0.72109375 0.3515625 0.02578125 0.09296875
5 0.87890625 0.34375 0.0234375 0.12265625
4 0.40859375 0.32578125 0.02578125 0.084375
2 0.6072916671875 0.2453703703125 0.5651041671875 0.2453703703125 0.5661458328125 0.302777778125 0.6072916671875 0.303703703125 0.6072916671875 0.2453703703125
3 0.58515625 0.28203125 0.0171875 0.05078125
0 0.28072916718749996 0.5453703703125 0.2630208328125 0.5453703703125 0.2666666671875 0.58148148125 0.2760416671875 0.58055555625 0.28072916718749996 0.5453703703125