1 1 1 0.9996527671875001 0.4012345625 0.35937503125000003 0.307407421875 0.0024305656249999997 0.62839509375 0 0.78395065 0.5857639625 0.9320987984375 0.8177083656249999 1 1 1
4 0.81484375 0.48984375 0.03046875 0.15859375
4 0.83828125 0.34609375 0.03359375 0.134375
4 0.671875 0.49609375 0.05 0.17109375
4 0.58984375 0.4015625 0.04453125 0.16328125
4 0.4328125 0.703125 0.04140625 0.2109375
4 0.38984375 0.521875 0.03984375 0.13828125
4 0.3234375 0.49375 0.04375 0.16640625
4 0.39140625 0.403125 0.03125 0.08984375
2 0.130208365625 0.341975303125 0.1340277671875 0.5086419703125 0.21076389999999998 0.44567900781249997 0.202430565625 0.29506176093750003 0.130208365625 0.341975303125
3 0.1875 0.45390625 0.03828125 0.1125
5 0.75390625 0.90390625 0.05703125 0.19140625
5 0.7390625 0.28359375 0.0375 0.1359375