1 0.7381366359375 0.99979095625 1 1 0.9939236375 0.40667448124999994 0.2583911953125 0.2973250984375 0.0008680562500000001 0.539506671875 0.002025471875 0.8393642328125 0.7381366359375 0.99979095625
0 0.41328125 0.7765625 0.02265625 0.0265625
5 0.5390625 0.86484375 0.04609375 0.21640625
4 0.35703125 0.42109375 0.03359375 0.13203125
4 0.26875 0.528125 0.03125 0.16484375
2 0.05 0.40703125 0.09609375 0.240625
4 0.94375 0.59296875 0.03046875 0.18515625
4 0.21796875 0.5484375 0.03203125 0.153125
4 0.49140625 0.33046875 0.03671875 0.12578125
5 0.35 0.27109375 0.02109375 0.1296875
4 0.56796875 0.58046875 0.053125 0.14296875
4 0.36953125 0.91484375 0.04921875 0.16953125
4 0.37578125 0.6859375 0.05546875 0.15
3 0.10546875 0.49921875 0.0515625 0.07578125