1 1 0.4393004078125 0.4418403046875 0.3449718953125 0.002025471875 0.7357550015625 0.002025471875 0.8529899140625 0.5124421921875 1 1 1 1 0.4393004078125
4 0.91875 0.45390625 0.040625 0.14765625
4 0.62578125 0.62734375 0.05546875 0.15078125
4 0.675 0.38828125 0.03046875 0.12890625
5 0.865625 0.3546875 0.03828125 0.13515625
4 0.59765625 0.5140625 0.03828125 0.146875
4 0.2671875 0.6953125 0.03359375 0.1796875
3 0.2703125 0.48515625 0.0546875 0.1375
4 0.39765625 0.46953125 0.05546875 0.13203125
4 0.31171875 0.60703125 0.03671875 0.15
4 0.446875 0.45234375 0.0484375 0.13203125
4 0.52421875 0.93515625 0.04140625 0.12734375
4 0.503125 0.6046875 0.0296875 0.16015625
2 0.2416088046875 0.3142057734375 0.15017363749999998 0.38002187187500003 0.15017363749999998 0.5445621093749999 0.1443865828125 0.5445621093749999 0.194155084375 0.5550411484375 0.2774884171875 0.5013702984374999 0.26707175 0.32448954531249996 0.2416088046875 0.3142057734375