1 1 0.435469053125 0.3862847484375 0.334688146875 0.00144675 0.6776549281250001 0 0.8529899140625 0.5471644140625 1 1 1 1 0.435469053125
4 0.39921875 0.41875 0.07109375 0.1640625
4 0.175 0.73671875 0.040625 0.18828125
4 0.5671875 0.5765625 0.04765625 0.12265625
4 0.5109375 0.49609375 0.0359375 0.16171875
3 0.246875 0.46171875 0.03203125 0.15625
5 0.8078125 0.33671875 0.0375 0.1265625
4 0.8453125 0.43125 0.04453125 0.14921875
4 0.3421875 0.56953125 0.03125 0.1625
3 0.7609375 0.63359375 0.046875 0.17109375
4 0.6390625 0.47109375 0.0375 0.159375
2 0.184895859375 0.3100071125 0.100405084375 0.38199344687500003 0.09809030468749999 0.5259661625 0.07957175 0.532136421875 0.1438078609375 0.5426954687500001 0.220775471875 0.484831121875 0.2115161953125 0.3100071125 0.184895859375 0.3100071125
0 0.6546875 0.60703125 0.0234375 0.03515625