1 1 0.09953703750000001 0.9518229171874999 0 0.0299479171875 0.0023148140625 0 0.06944444375 0 1 1 1 1 0.09953703750000001
4 0.28515625 0.58828125 0.0765625 0.22421875
4 0.4328125 0.42890625 0.0453125 0.20546875
4 0.678125 0.49609375 0.0859375 0.18125
2 0.6888020828125 1 0.6875 0.9305555562500001 0.6549479171875 0.8703703703125001 0.3424479171875 0.8796296296874999 0.3072916671875 0.9328703703125001 0.3072916671875 1 0.6888020828125 1
3 0.54765625 0.89140625 0.06875 0.2171875
4 0.5703125 0.7109375 0.09453125 0.20625
4 0.61171875 0.39453125 0.03671875 0.1984375
4 0.52265625 0.709375 0.05703125 0.22265625
4 0.51875 0.0734375 0.05390625 0.1421875
1 0.5828125 0.47734375 0.0171875 0.0359375