1 1 0.45374875625 0.3587070375 0.3472739609375 0 0.680586365625 0 0.7754878140625 0.8380001187499999 0.9976960859374999 1 1 1 0.45374875625
4 0.359375 0.8046875 0.08125 0.18203125
4 0.5203125 0.63671875 0.040625 0.1359375
4 0.3890625 0.465625 0.034375 0.1171875
3 0.2171875 0.48359375 0.0359375 0.1234375
4 0.85703125 0.51015625 0.0359375 0.13984375
5 0.065625 0.7859375 0.040625 0.1703125
5 0.67109375 0.87421875 0.03359375 0.18984375
4 0.43203125 0.52890625 0.03671875 0.13203125
5 0.44453125 0.3140625 0.0203125 0.1078125
4 0.896875 0.72265625 0.04375 0.1703125
4 0.44453125 0.48203125 0.034375 0.13671875
2 0.1972061078125 0.3357006125 0.12036292343749999 0.3866233421875 0.119060496875 0.4768954515625 0.119060496875 0.5185595015625 0.1646454359375 0.5301328484375001 0.2232546453125 0.4676367734375 0.21413765625 0.342644621875 0.1972061078125 0.3357006125