1 0 0.9884259265625 0.9986979171874999 0.9328703703125001 1 0.375 0 0.39351851875 0 0.9884259265625
4 0.14921875 0.65390625 0.05078125 0.15078125
4 0.1578125 0.3796875 0.02734375 0.096875
4 0.5015625 0.6109375 0.04140625 0.153125
5 0.21796875 0.90234375 0.0515625 0.1953125
4 0.6515625 0.59140625 0.0375 0.13203125
4 0.69765625 0.50703125 0.02890625 0.125
4 0.4828125 0.42265625 0.04140625 0.11328125
4 0.5640625 0.396875 0.021875 0.09921875
4 0.6 0.39453125 0.02578125 0.10390625
0 0.54609375 0.4375 0.01015625 0.01796875
5 0.63515625 0.33046875 0.0234375 0.09375