1 0.9968750312499999 1 0.9982639624999999 0.40617287187500006 0.36076389999999997 0.3098765765625 0.1371527671875 0.5098765765625 0.0017361000000000002 0.6271604890625 0 0.788888959375 0.8149306296875001 0.9987654640624999 0.9968750312499999 1
4 0.67265625 0.5125 0.04609375 0.16328125
4 0.5609375 0.634375 0.04453125 0.2
4 0.5 0.57265625 0.040625 0.165625
4 0.5859375 0.40390625 0.04453125 0.13828125
4 0.88046875 0.525 0.03515625 0.1578125
0 0.85234375 0.575 0.0140625 0.028125
4 0.82578125 0.35390625 0.0359375 0.12421875
4 0.4796875 0.4640625 0.02421875 0.140625
4 0.5109375 0.4484375 0.04453125 0.153125
5 0.7359375 0.91328125 0.04609375 0.1734375
5 0.8265625 0.271875 0.0328125 0.06015625
2 0.1315972328125 0.3493827109375 0.1371527671875 0.50679011875 0.21076389999999998 0.4481481625 0.2065972328125 0.287654353125 0.1315972328125 0.3493827109375
5 0.1859375 0.45625 0.04453125 0.10703125