3 0.17265625 0.53125 0.09609375 0.490625
3 0.3984375 0.28046875 0.07421875 0.18515625
4 0.30390625 0.65078125 0.125 0.6109375
4 0.4203125 0.6703125 0.09609375 0.5875
4 0.53046875 0.665625 0.11484375 0.54765625
4 0.69921875 0.6546875 0.09296875 0.66953125
4 0.7125 0.246875 0.08203125 0.24765625
4 0.5796875 0.35546875 0.08203125 0.37578125
4 0.50859375 0.2828125 0.05546875 0.23828125
4 0.45234375 0.278125 0.05234375 0.2484375
4 0.346875 0.2484375 0.0515625 0.32578125
4 0.25625 0.3125 0.075 0.2421875