1 1 0.47569444375 0.4524739578125 0.38194444375000003 0 0.7835648140625 0.0026041671875 0.8368055562500001 0.5455078125 0.9990509265625 1 1 1 0.47569444375
4 0.46953125 0.60859375 0.034375 0.15625
4 0.51953125 0.63828125 0.034375 0.1671875
4 0.3734375 0.52421875 0.04609375 0.1125
4 0.89375 0.6734375 0.0328125 0.1765625
4 0.2171875 0.66875 0.05 0.1390625
4 0.43671875 0.92265625 0.04296875 0.1421875
4 0.75625 0.44921875 0.02421875 0.12578125
3 0.26953125 0.56640625 0.06171875 0.09375
5 0.71953125 0.365625 0.0328125 0.11796875
4 0.234375 0.91171875 0.0453125 0.1734375
4 0.30390625 0.525 0.03671875 0.14140625
4 0.2984375 0.7015625 0.0890625 0.065625
4 0.5609375 0.940625 0.04296875 0.11171875
5 0.021875 0.771875 0.04375 0.14375
0 0.2805989578125 0.615740740625 0.291015625 0.615740740625 0.2916666671875 0.5983796296875 0.2825520828125 0.5949074078125001 0.2805989578125 0.615740740625
2 0.2740885421875 0.3541666671875 0.1940104171875 0.41782407343749994 0.1907552078125 0.5671296296875 0.23111979218749998 0.5763888890625 0.3072916671875 0.51273148125 0.298828125 0.3668981484375 0.2740885421875 0.3541666671875