4 0.04296875 0.646875 0.0859375 0.54375
3 0.1921875 0.65390625 0.0953125 0.62734375
4 0.33671875 0.5890625 0.08984375 0.61328125
4 0.44921875 0.6484375 0.09609375 0.56953125
4 0.5640625 0.59140625 0.078125 0.64609375
3 0.6609375 0.67578125 0.0796875 0.55078125
3 0.7421875 0.6328125 0.06484375 0.659375
4 0.7265625 0.25 0.0859375 0.21796875
4 0.6234375 0.2421875 0.09921875 0.36796875
3 0.43125 0.259375 0.0859375 0.23125
4 0.34765625 0.20703125 0.06484375 0.1828125
4 0.5125 0.24296875 0.053125 0.2453125