1 0.9939236375 1 1 0.3902204734375 0.364293971875 0.2956098265625 0.0005786953125 0.6136831234375 0 0.783060253125 0.82262730625 0.999019303125 0.9939236375 1
2 0.19762730625 0.285326078125 0.165219915625 0.2770990515625 0.084201415625 0.33057465625 0.083043971875 0.4910013796875 0.1293403046875 0.5012851281249999 0.12123841718749999 0.334688146875 0.194155084375 0.29149633750000004 0.20572919375 0.43958254218750004 0.19762730625 0.285326078125
3 0.19375 0.46015625 0.03515625 0.12109375
4 0.35234375 0.51015625 0.0671875 0.115625
4 0.36171875 0.43359375 0.0421875 0.14296875
5 0.4703125 0.26640625 0.0328125 0.12578125
4 0.46328125 0.7015625 0.0671875 0.15
4 0.65390625 0.30703125 0.02578125 0.11484375
4 0.478125 0.4265625 0.04765625 0.12265625
4 0.515625 0.68671875 0.06015625 0.15390625
4 0.7484375 0.52890625 0.07421875 0.15
4 0.4640625 0.90625 0.0484375 0.18125
5 0.5828125 0.82890625 0.0484375 0.21875
0 0.36015625 0.77421875 0.01484375 0.025