1 0.2579861 0.9962963671875 0.9954860999999999 0.816049378125 0.9954860999999999 0.6401234515625001 0.6621527671874999 0.33950620625 0.0010416984375 0.43580250156250006 0.0010416984375 0.9962963671875 0.2579861 0.9962963671875
4 0.55078125 0.521875 0.05 0.153125
4 0.54453125 0.71328125 0.05703125 0.1953125
4 0.46796875 0.60078125 0.05546875 0.14375
4 0.39609375 0.6375 0.065625 0.16875
4 0.30625 0.65703125 0.078125 0.2
4 0.4390625 0.46640625 0.04375 0.1453125
4 0.421875 0.4046875 0.02421875 0.08125
4 0.309375 0.375 0.0359375 0.12578125
4 0.39296875 0.88984375 0.04921875 0.18359375
3 0.77421875 0.46875 0.04765625 0.165625
5 0.215625 0.94453125 0.05546875 0.11015625
2 0.8840277671875001 0.534567896875 0.892708365625 0.3814814953125 0.8177083656249999 0.324691390625 0.8121527671875001 0.4728395390625 0.8840277671875001 0.534567896875