1 1 0.4377571984375 0.2381365828125 0.36142595 0 0.5876687953124999 0 0.795400771875 0.561053303125 0.8920681874999999 1 0.9907923234375 1 0.4377571984375
5 0.42421875 0.7421875 0.025 0.06328125
0 0.29453125 0.71484375 0.0109375 0.01875
4 0.55546875 0.41015625 0.046875 0.09453125
4 0.8 0.584375 0.04453125 0.1265625
4 0.90859375 0.765625 0.05078125 0.17109375
4 0.34375 0.71796875 0.0625 0.14140625
3 0.17109375 0.50234375 0.05390625 0.09296875
4 0.375 0.6765625 0.04609375 0.14453125
4 0.63828125 0.69609375 0.04921875 0.15234375
4 0.6 0.5796875 0.04453125 0.1125
5 0.946875 0.39140625 0.02421875 0.09765625
4 0.92109375 0.65234375 0.0328125 0.11640625
4 0.37578125 0.646875 0.02578125 0.05390625
4 0.7953125 0.5671875 0.02265625 0.0609375
4 0.921875 0.63671875 0.01953125 0.04921875
2 0.084201415625 0.3449718953125 0.013599528125 0.4128447390625 0.00549769375 0.521852671875 0.053530084374999995 0.530349790625 0.12123841718749999 0.47660409374999996 0.10734952812500001 0.3449718953125 0.084201415625 0.3449718953125