3 0.946875 0.72890625 0.0578125 0.20390625
5 0.521875 0.35390625 0.0515625 0.2
4 0.04296875 0.56015625 0.071875 0.19921875
3 0.525 0.703125 0.05390625 0.2046875
2 0.6830113234375 0.3704206546875 0.655660359375 0.381994003125 0.6504506515624999 0.5671675609375 0.748132665625 0.6435516531250001 0.8086344406249999 0.6320288390625 0.79502003125 0.6180902890625 0.7911127515625 0.4398607390625 0.6830113234375 0.3704206546875
0 0.67734375 0.54453125 0.025 0.03515625
4 0.41875 0.73125 0.05390625 0.24140625
5 0.20859375 0.9296875 0.08046875 0.12578125
4 0.41875 0.5046875 0.05703125 0.171875
4 0.45 0.4640625 0.04375 0.15859375
4 0.38203125 0.5421875 0.06484375 0.171875
4 0.59921875 0.57109375 0.0546875 0.18828125
4 0.36328125 0.86015625 0.0515625 0.21171875