1 0.304847221875 1 0.999597221875 0.809259259375 0.9999444437499999 0.7074074078125 0.8218194437499999 0.5468888890625 0.6072916671875 0.3512345671875 0.00069444375 0.4419753078125 0 1 0.304847221875 1
5 0.43046875 0.85859375 0.0484375 0.17578125
5 0.55078125 0.31484375 0.03671875 0.09296875
2 0.80234375 0.43515625 0.11171875 0.18515625
4 0.325 0.4546875 0.0328125 0.12734375
4 0.2828125 0.628125 0.05625 0.12265625
4 0.01640625 0.45625 0.0328125 0.125
4 0.515625 0.45625 0.02578125 0.096875
3 0.63125 0.49453125 0.03671875 0.09453125
4 0.5921875 0.43671875 0.02734375 0.11953125
4 0.5375 0.5171875 0.0171875 0.1375
4 0.55234375 0.43671875 0.0234375 0.11953125
4 0.57421875 0.46796875 0.0296875 0.09296875
0 0.59921875 0.3515625 0.0125 0.01640625