1 0.29947919375 1 0.998553303125 0.9064654265625001 1 0.48071758437499995 0.8515625265625 0.332631378125 0 0.42232509843750005 0.002025471875 1 0.29947919375 1
0 0.478125 0.4390625 0.01953125 0.05
4 0.28125 0.3921875 0.0484375 0.1203125
3 0.9015625 0.4375 0.0296875 0.146875
4 0.69609375 0.43125 0.0375 0.13671875
4 0.5671875 0.52421875 0.0359375 0.1390625
4 0.49921875 0.41796875 0.03515625 0.12890625
4 0.41953125 0.4359375 0.0390625 0.1234375
4 0.66640625 0.44765625 0.0265625 0.14296875
4 0.46328125 0.41796875 0.0453125 0.12265625
5 0.58828125 0.3 0.0296875 0.12890625
5 0.090625 0.91328125 0.05859375 0.16640625
0 0.47890625 0.440625 0.00859375 0.015625