1 0 0.8447628390625 0.998553303125 0.8694438734375 1 0.4642635765625 0.6559606390625 0.449866290625 0.033275471875000004 0.43958254218750004 0 0.484831121875 0 0.8447628390625
4 0.3984375 0.66875 0.02265625 0.13203125
3 0.046875 0.56953125 0.03046875 0.1125
4 0.28125 0.59609375 0.025 0.11171875
4 0.24765625 0.51484375 0.01796875 0.090625
4 0.48359375 0.46640625 0.01796875 0.09375
4 0.1765625 0.81015625 0.0328125 0.15078125
4 0.87421875 0.53359375 0.02734375 0.1015625
4 0.284375 0.4109375 0.02265625 0.08203125
4 0.1046875 0.784375 0.03125 0.16015625
4 0.128125 0.8140625 0.03046875 0.175
4 0.8421875 0.51640625 0.03125 0.096875
5 0.2265625 0.41484375 0.0265625 0.0671875