2 0.415219915625 1 1 0.83859258125 0.9962384171875 0.7402263328124999 0.60387730625 0.3758231875 0.004340278125 0.4704338359375 0 0.999019303125 0.415219915625 1
4 0.475 0.3734375 0.0515625 0.115625
4 0.2375 0.7609375 0.0390625 0.18671875
4 0.5453125 0.56015625 0.04140625 0.1328125
4 0.54765625 0.91484375 0.04921875 0.1703125
4 0.55390625 0.465625 0.02890625 0.11953125
4 0.6453125 0.49296875 0.05625 0.12421875
5 0.30546875 0.36015625 0.03203125 0.1140625
4 0.61796875 0.91328125 0.04609375 0.16796875
4 0.43203125 0.3640625 0.0390625 0.1171875
4 0.5125 0.365625 0.01875 0.09921875
3 0.6953125 0.4984375 0.06015625 0.07578125
2 0.8666088578125001 0.4149015078125 0.7774884171875 0.35936918125 0.7578125265625 0.3696529296875 0.7508680828125 0.5074553875000001 0.82146996875 0.5732714624999999 0.8816550843750001 0.55812756875 0.8781828609375 0.548590428125 0.8631366359375001 0.5259661625 0.8666088578125001 0.4149015078125