1 1 0.44907407343749994 0.3203125 0.35648148125 0 0.6666666671875 0.0052083328125 0.796296296875 0.8046875 1 1 1 1 0.44907407343749994
4 0.93828125 0.42109375 0.034375 0.10859375
4 0.5125 0.584375 0.03359375 0.11796875
5 0.725 0.36171875 0.02890625 0.10703125
2 0.1536458328125 0.34027777812500004 0.08463541718749999 0.3958333328125 0.07942708281250001 0.5231481484375 0.1184895828125 0.5416666671875 0.1875 0.4606481484375 0.1783854171875 0.3518518515625 0.1536458328125 0.34027777812500004
3 0.17265625 0.4890625 0.034375 0.11953125
4 0.85390625 0.534375 0.03671875 0.12734375
4 0.465625 0.48359375 0.03515625 0.12109375
4 0.3390625 0.68828125 0.0546875 0.09609375
4 0.32421875 0.5140625 0.03828125 0.10234375
4 0.3421875 0.42421875 0.02734375 0.0984375
5 0.23203125 0.85546875 0.04921875 0.21953125
1 0.353125 0.7765625 0.01328125 0.04375