1 0.0024305656249999997 0.43580250156250006 0.0010416984375 0.9987654640624999 0.4732639625 0.9938271562500001 0.853819434375 0.8802469468749999 1 0.8432099093750001 0.997569434375 0.729012340625 0.7149306296875 0.480246946875 0.5607639625 0.341975303125 0.142708365625 0.416049378125 0.0024305656249999997 0.43580250156250006
4 0.365625 0.4171875 0.0484375 0.18046875
4 0.03984375 0.48671875 0.053125 0.18515625
4 0.6203125 0.60859375 0.04140625 0.178125
4 0.53359375 0.5265625 0.0265625 0.1984375
2 0.8059027671875001 0.560493821875 0.8107639624999999 0.38395065 0.728819434375 0.32962964375000003 0.7232639625 0.480246946875 0.8059027671875001 0.560493821875
4 0.746875 0.4640625 0.046875 0.16640625
3 0.69453125 0.58515625 0.0625 0.17109375
4 0.86640625 0.64375 0.06328125 0.17109375
4 0.79296875 0.703125 0.1078125 0.121875
4 0.5265625 0.88984375 0.053125 0.2203125
4 0.4734375 0.91171875 0.06328125 0.1765625
4 0.2171875 0.9453125 0.071875 0.109375
5 0.1328125 0.9421875 0.06328125 0.115625