1 1 0.5069444437499999 0.484375 0.40972222187499996 0.0481770828125 0.796296296875 0.6393229171875 1 1 1 1 0.5069444437499999
4 0.5328125 0.59140625 0.0359375 0.14296875
4 0.7515625 0.53828125 0.02890625 0.13046875
4 0.5984375 0.621875 0.03203125 0.15
4 0.478125 0.5171875 0.03359375 0.1171875
4 0.83046875 0.759375 0.04765625 0.1640625
4 0.6625 0.42109375 0.03671875 0.08203125
5 0.1953125 0.85703125 0.053125 0.18125
5 0.53203125 0.37109375 0.02890625 0.09765625
4 0.6140625 0.4609375 0.04140625 0.05390625
3 0.3734375 0.51328125 0.04765625 0.06875
4 0.0984375 0.9015625 0.0359375 0.12578125
2 0.34765625 0.5300925921874999 0.3450520828125 0.4074074078125 0.32421875 0.384259259375 0.24739583281250002 0.4421296296875 0.24869791718749998 0.5763888890625 0.2786458328125 0.5879629625 0.34765625 0.5300925921874999