1 1 0.457646121875 0.4733206 0.36347664687500003 0.004446934375 0.777802484375 0 0.8310398828125001 0.5345346625 1 1 1 1 0.457646121875
4 0.61015625 0.428125 0.046875 0.0890625
4 0.66953125 0.5046875 0.07734375 0.065625
3 0.91328125 0.615625 0.0390625 0.2171875
4 0.5421875 0.6765625 0.05859375 0.18046875
4 0.34453125 0.54609375 0.05859375 0.14375
4 0.6234375 0.54140625 0.0359375 0.14140625
3 0.3296875 0.50546875 0.0390625 0.109375
2 0.28316627968749997 0.3380152828125 0.20111338750000002 0.38893801093749997 0.1972061078125 0.5486502062499999 0.1867866921875 0.5579088828125001 0.24409347499999998 0.57411156875 0.317029378125 0.502356815625 0.3183318046875 0.3519032984375 0.28316627968749997 0.3380152828125
4 0.2828125 0.525 0.0546875 0.1140625
4 0.5125 0.5921875 0.0375 0.12578125
4 0.4390625 0.4109375 0.034375 0.11796875
0 0.37265625 0.48828125 0.01953125 0.02734375