1 1 1 0.997330565625 0.4784415671875 0.997330565625 0.47149755937500004 0.99993541875 0.4599242125 0.48547681249999997 0.3696521015625 0.05828080625 0.7423138890625001 0.518037484375 0.91822876875 0.769405865625 1 1 1
1 1 0.46227575156249995 0.48634486875 0.3681088921875 0.0630561421875 0.740770678125 0.5189055390624999 0.92362956875 0.7754836296875001 1 1 1 1 0.46227575156249995
2 0.3287512203125 0.35190620625 0.2519080359375 0.4005142640625 0.24409347499999998 0.53013575625 0.28446870625 0.5532824515625 0.352194903125 0.500045053125 0.3508924765625 0.3588502140625 0.3287512203125 0.35190620625
4 0.44609375 0.628125 0.03046875 0.128125
5 0.4671875 0.68046875 0.0171875 0.04609375
4 0.803125 0.5625 0.04609375 0.209375
4 0.70859375 0.53359375 0.07109375 0.1640625
4 0.62890625 0.49609375 0.0578125 0.1421875
4 0.5015625 0.4453125 0.03046875 0.11796875
4 0.46015625 0.4859375 0.03671875 0.10625
4 0.4578125 0.42265625 0.0328125 0.0625
5 0.75625 0.88515625 0.04609375 0.2015625
5 0.5546875 0.3375 0.0125 0.10234375