1 0 0.4560634265625 0.0083542140625 1 0.27535171875 0.9930667468750001 0.9145372171874999 0.7709177281249999 0.9122384484375001 0.7685438062500001 0.4615987578125 0.37504999375 0 0.4560634265625
2 0.6085069703125 0.3696529296875 0.6085069703125 0.49511486875 0.669849528125 0.5609309453125 0.7149884171875 0.5396090499999999 0.701099528125 0.40461775937500005 0.622395859375 0.353198921875 0.6085069703125 0.3696529296875
3 0.77109375 0.6828125 0.06875 0.14296875
4 0.859375 0.64453125 0.05390625 0.15703125
4 0.31015625 0.66171875 0.0640625 0.2015625
4 0.43046875 0.4640625 0.03984375 0.13125
4 0.1171875 0.45078125 0.03125 0.10859375
4 0.03828125 0.5 0.04296875 0.15
5 0.4375 0.33359375 0.03203125 0.10546875
4 0.61953125 0.5609375 0.0421875 0.14453125
4 0.55625 0.50078125 0.04375 0.1328125
0 0.49921875 0.4078125 0.01015625 0.0140625
5 0.27109375 0.83515625 0.04765625 0.12578125