2 0.7359375 0.4921875 0.08984375 0.284375
1 0 0.8602693609375001 0.6870170453125 0.89983165 0.6979071968749999 0.422558921875 0 0.378787878125 0 0.8602693609375001
5 0.603125 0.771875 0.06640625 0.22890625
4 0.103125 0.63203125 0.05234375 0.2453125
4 0.23984375 0.5625 0.08046875 0.1109375
0 0.55625 0.61171875 0.02109375 0.028125
3 0.57109375 0.54765625 0.07578125 0.08515625
4 0.29296875 0.42265625 0.034375 0.16796875
4 0.26171875 0.4328125 0.03828125 0.15078125
4 0.21328125 0.35703125 0.03125 0.15546875
4 0.05 0.5640625 0.03203125 0.1921875
4 0.08359375 0.54375 0.03125 0.18359375