1 0.0002835734375 0.7705349984375001 0.2661014625 0.8123731234375 0.5426755375 0.8624417 0.8111419718749999 0.917956103125 0.9986419718749999 0.9625377328125 0.9990277859375001 0.45637518125 0.8207870453125 0.44060013593749997 0.6687808609375 0.42413923125 0.4169733796875 0.398762003125 0.2559799359375 0.3804869671875 0.1904899890625 0.4430727109375 0.0863233046875 0.540466390625 0.0006693703124999999 0.6207133046875 0.0002835734375 0.7705349984375001
4 0.48828125 0.54375 0.05390625 0.115625
4 0.4515625 0.47109375 0.04140625 0.09921875
4 0.41875 0.596875 0.0546875 0.1234375
4 0.35625 0.653125 0.04296875 0.140625
0 0.321875 0.628125 0.01328125 0.02109375
4 0.28984375 0.6890625 0.046875 0.11953125
4 0.2734375 0.64140625 0.025 0.15078125
3 0.1515625 0.5046875 0.046875 0.1171875
4 0.4296875 0.80546875 0.0421875 0.1734375
4 0.3859375 0.803125 0.03671875 0.1765625
4 0.340625 0.80078125 0.03046875 0.15546875
4 0.29140625 0.80625 0.03359375 0.1703125
2 0.0755208421875 0.4176954765625 0.0832368796875 0.54663923125 0.13917825 0.49176955156249996 0.13223380468749998 0.3724279875 0.0755208421875 0.4176954765625
5 0.57265625 0.84375 0.0375 0.19140625
4 0.9109375 0.65546875 0.03515625 0.16796875
4 0.709375 0.40859375 0.02734375 0.103125
5 0.69296875 0.38125 0.028125 0.10703125