1 0.30589285781250003 1 0.9978720234375 0.8174603171875001 0.99936011875 0.66931216875 0.78720238125 0.48015873124999997 0.640625 0.346560846875 0 0.44444444375 0 1 0.30589285781250003 1
4 0.34921875 0.41328125 0.04140625 0.11328125
4 0.50546875 0.39609375 0.03671875 0.07890625
4 0.54765625 0.37578125 0.025 0.090625
4 0.63125 0.47890625 0.04296875 0.10625
4 0.68984375 0.57890625 0.046875 0.10625
4 0.67578125 0.46796875 0.0234375 0.10625
4 0.740625 0.51484375 0.0453125 0.10859375
3 0.7421875 0.42578125 0.03125 0.1015625
5 0.45546875 0.86796875 0.0625 0.17109375
5 0.4890625 0.309375 0.02734375 0.10390625
0 0.3125 0.41640625 0.01640625 0.02109375
2 0.8981696421875001 0.3929894171875 0.8207886906249999 0.3334656078125 0.7947470234375 0.3453703703125 0.7880505953125 0.496164021875 0.8542708328125 0.550396825 0.8966815468749999 0.5371693125 0.8981696421875001 0.3929894171875