1 0 0.78518525625 0.5017361 0.9086419703124999 0.8142360999999999 1 0.998958365625 0.9950617609375 0.9986111 0.4049382671875 0.3642361 0.311111125 0.2142361 0.451851865625 0.0003472328125 0.6444445140624999 0 0.78518525625
4 0.23828125 0.5078125 0.05859375 0.13203125
4 0.825 0.48046875 0.04140625 0.1578125
4 0.83359375 0.3484375 0.02890625 0.08515625
4 0.62421875 0.49609375 0.0359375 0.16796875
4 0.54375 0.42734375 0.04375 0.178125
4 0.46640625 0.70703125 0.0484375 0.18984375
4 0.38515625 0.521875 0.071875 0.1609375
4 0.3796875 0.4046875 0.05546875 0.07421875
2 0.13506943437500002 0.3506173171875 0.1402777671875 0.5123456734375 0.21562503125000002 0.451851865625 0.21006943437499997 0.2962963109375 0.13506943437500002 0.3506173171875
0 0.15859375 0.5015625 0.021875 0.03828125
3 0.18359375 0.459375 0.0640625 0.0640625
5 0.7546875 0.290625 0.03046875 0.134375
5 0.7421875 0.90234375 0.05234375 0.1953125