1 0.9992897734374999 0.4748484859375 0.9405776515625 0.42097643125 0.4988352265625 0.442861953125 0.1153977265625 0.4605387203125 0.0003977265625 0.46474747499999997 0 0.9511784515624999 0.383475378125 0.90656565625 0.7716382578125 0.874579125 0.9992897734374999 0.866161615625 0.9992897734374999 0.4748484859375
4 0.0359375 0.54296875 0.03359375 0.14765625
4 0.27265625 0.54140625 0.05234375 0.14375
4 0.33203125 0.73359375 0.0640625 0.17109375
4 0.55390625 0.70625 0.0734375 0.16171875
4 0.8265625 0.56796875 0.0515625 0.1171875
4 0.81875 0.5203125 0.05234375 0.11953125
3 0.93515625 0.50859375 0.0734375 0.11640625
4 0.56796875 0.465625 0.0640625 0.10234375
4 0.5890625 0.4171875 0.04375 0.10234375
5 0.66015625 0.39453125 0.04375 0.1078125
5 0.83671875 0.81328125 0.04765625 0.18515625
5 0.025 0.8828125 0.05 0.13515625