1 1 0.45374875625 0.9978705515625 0.4514732828125 0.511090978125 0.35421796875 0.07868526406250001 0.72687975625 0.8549316671874999 1 1 0.995381415625 1 0.45374875625
4 0.71484375 0.51015625 0.0421875 0.1578125
5 0.07890625 0.6859375 0.03984375 0.14765625
5 0.934375 0.35 0.04765625 0.1421875
5 0.246875 0.6921875 0.05 0.178125
4 0.8234375 0.4109375 0.03984375 0.13203125
4 0.74921875 0.4078125 0.0421875 0.153125
4 0.58515625 0.38046875 0.04453125 0.1421875
4 0.49609375 0.41328125 0.09765625 0.0390625
4 0.4015625 0.4671875 0.0390625 0.0796875
3 0.50859375 0.46328125 0.0671875 0.06953125
2 0.27535171875 0.5093008234374999 0.31572695156249997 0.5255035109375 0.38155110625 0.46690538125 0.3756385859375 0.34495929062499997 0.352194903125 0.32644193593750004 0.27535171875 0.381994003125 0.27535171875 0.5093008234374999