1 1 0.45502645468749997 0.3980654765625 0.3571428578125 0 0.7142857140625 0 0.8478835984374999 0.534241071875 0.9986772484375 1 1 1 0.45502645468749997
4 0.2671875 0.68046875 0.0515625 0.16015625
4 0.7125 0.6828125 0.06015625 0.1703125
4 0.90078125 0.66875 0.04140625 0.1734375
4 0.534375 0.4390625 0.02734375 0.13203125
4 0.45390625 0.54921875 0.02578125 0.15390625
4 0.3 0.5328125 0.0328125 0.1421875
4 0.88984375 0.5296875 0.03359375 0.13828125
4 0.32734375 0.49296875 0.03515625 0.12890625
5 0.81015625 0.36875 0.03046875 0.1203125
4 0.25546875 0.46328125 0.02578125 0.125
4 0.55546875 0.91953125 0.05078125 0.16015625
3 0.0984375 0.92421875 0.04375 0.14296875
4 0.36171875 0.9109375 0.04453125 0.171875
3 0.24375 0.5171875 0.0625 0.07421875
4 0.6640625 0.94453125 0.04609375 0.103125
4 0.76640625 0.9359375 0.040625 0.12734375
2 0.20907738125000003 0.334656084375 0.124255953125 0.3981481484375 0.1235119046875 0.5555555562500001 0.1681547625 0.5634920640625001 0.24479166718749998 0.503968253125 0.2321428578125 0.3492063484375 0.20907738125000003 0.334656084375