1 1 1 0.9997106390624999 0.42232509843750005 0.07957175 0.332631378125 0 0.40461775937500005 0 1 1 1
4 0.69921875 0.63125 0.08515625 0.1890625
4 0.496875 0.44765625 0.0546875 0.14765625
4 0.21796875 0.57734375 0.05859375 0.1515625
4 0.35625 0.4484375 0.03671875 0.15546875
5 0.640625 0.31640625 0.0390625 0.12578125
5 0.09296875 0.43125 0.03671875 0.159375
4 0.39453125 0.396875 0.05390625 0.1453125
4 0.2421875 0.47265625 0.046875 0.1625
4 0.36171875 0.5546875 0.0484375 0.171875
4 0.09453125 0.4109375 0.021875 0.071875