1 1 0.46141975312500005 0.732534721875 0.3101851859375 0.445277778125 0.299382715625 0.0034375000000000005 0.49845678906249996 0 0.7839506171874999 0.22916666718749998 0.807098765625 1 0.9197530859375 1 0.46141975312500005
3 0.57734375 0.284375 0.0125 0.04453125
2 0.769097221875 0.9984567890625 0.815972221875 0.4660493828125 0.738715278125 0.41512345625 0.2873263890625 0.3888888890625 0.18836805625 0.43981481406249995 0.24305555625 0.9922839515625 0.769097221875 0.9984567890625
4 0.6078125 0.425 0.04609375 0.1796875
4 0.37734375 0.37578125 0.03046875 0.134375
4 0.309375 0.38828125 0.03828125 0.1171875
4 0.65 0.459375 0.0515625 0.1859375
4 0.653125 0.33984375 0.0203125 0.09375
5 0.8765625 0.3390625 0.0265625 0.1171875
4 0.421875 0.32734375 0.02265625 0.09375
3 0.4015625 0.63515625 0.1875 0.1609375
4 0.3734375 0.54375 0.1046875 0.121875
5 0.8015625 0.30546875 0.01640625 0.06015625
3 0.265625 0.47421875 0.06015625 0.0515625
4 0.4265625 0.3140625 0.01796875 0.04609375