1 1 0.7685438062500001 0.9981986203125001 0.6666983484375 0.6853705515625 0.37894241875 0 0.4606927640625 0.0031445062500000003 1 0.5514662109375 0.8703892640625 1 0.7685438062500001
4 0.46328125 0.47109375 0.0296875 0.1015625
4 0.5484375 0.63125 0.03046875 0.1265625
4 0.5984375 0.6859375 0.0390625 0.13046875
2 0.8992141796875 0.41671404375 0.8380001187499999 0.3611619765625 0.8393025453125 0.35884730781249996 0.8145564343749999 0.3773646625 0.8080443 0.4768954515625 0.862746228125 0.550964875 0.9005166062500001 0.541706196875 0.8992141796875 0.41671404375
3 0.82890625 0.49765625 0.03125 0.09453125
4 0.6390625 0.6640625 0.0375 0.09609375
4 0.31171875 0.4234375 0.021875 0.08359375
4 0.3484375 0.52890625 0.02890625 0.1140625
5 0.678125 0.7703125 0.0421875 0.14921875
4 0.575 0.58828125 0.02421875 0.10625
5 0.52734375 0.35234375 0.02578125 0.08671875
4 0.07734375 0.47109375 0.0359375 0.11640625
0 0.59453125 0.74609375 0.00546875 0.00625