1 0.755 0.43185185156249994 0.5173629390625 0.45475633593750003 0.2934594296875 0.47376218281250004 0.00017543906250000002 0.49861598437500004 0 0.9142105265625 0.11911732500000001 0.8927680312499999 0.485 0.8269980515625001 0.74425986875 0.79044834375 1 0.7573099421875 0.9981030703125 0.665224171875 0.854473684375 0.5249317734375001 0.755 0.43185185156249994
4 0.46796875 0.496875 0.025 0.09921875
4 0.70234375 0.48828125 0.028125 0.09296875
5 0.73828125 0.3921875 0.0296875 0.07890625
5 0.51171875 0.77421875 0.040625 0.125
4 0.73125 0.525 0.0203125 0.09921875
4 0.7953125 0.44609375 0.025 0.071875
4 0.15390625 0.66875 0.0703125 0.1015625
2 0.9004934203125 0.5745614031249999 0.9087171046875 0.467348928125 0.8582785093749999 0.428849903125 0.8527960531250001 0.5263157890625 0.9004934203125 0.5745614031249999
4 0.871875 0.5171875 0.02734375 0.0921875
4 0.83046875 0.49921875 0.02734375 0.08984375
3 0.84921875 0.51875 0.01875 0.0578125
0 0.8859375 0.53046875 0.0078125 0.02109375
4 0.83515625 0.45390625 0.02890625 0.04375
5 0.990625 0.72890625 0.01875 0.1296875