1 1 0.4560634265625 0.48894972187499997 0.37273532343750004 0.0370076046875 0.7615997984375 0.7116647140625 0.9930667468750001 0.999501046875 0.9884374078124999 1 0.4560634265625
4 0.96796875 0.61328125 0.0609375 0.23671875
4 0.57265625 0.67109375 0.04375 0.16171875
4 0.5 0.5046875 0.01875 0.14921875
4 0.4734375 0.4546875 0.04453125 0.09921875
4 0.4390625 0.50546875 0.05 0.10859375
4 0.46953125 0.603125 0.04609375 0.13671875
2 0.339170634375 0.35884730781249996 0.317029378125 0.3519032984375 0.242791046875 0.40514069687500004 0.2388837671875 0.5486502062499999 0.27998860625 0.5533251359375 0.281863853125 0.541706196875 0.348287621875 0.48846879843749996 0.339170634375 0.35884730781249996
4 0.340625 0.44765625 0.034375 0.11328125
4 0.346875 0.5265625 0.02890625 0.071875
5 0.378125 0.7984375 0.03671875 0.18515625
5 0.49296875 0.32578125 0.02109375 0.09765625