1 1 0.435469053125 0.9997106390624999 0.42232509843750005 0.41174769375000003 0.33674491562500003 0.0008680562500000001 0.69873345 0 0.8735574109375 0.51012730625 1 1 1 1 0.435469053125
4 0.38828125 0.521875 0.03828125 0.16640625
4 0.5125 0.490625 0.0328125 0.15859375
4 0.5796875 0.57265625 0.03984375 0.159375
4 0.80625 0.65 0.04140625 0.20078125
4 0.23203125 0.68671875 0.053125 0.1796875
4 0.903125 0.4546875 0.03515625 0.153125
3 0.6953125 0.45390625 0.028125 0.16953125
3 0.28046875 0.4515625 0.040625 0.13046875
4 0.4359375 0.390625 0.040625 0.1359375
5 0.84453125 0.33984375 0.03671875 0.1328125
0 0.309375 0.39296875 0.0109375 0.01953125
2 0.2115161953125 0.3100071125 0.12123841718749999 0.3655394390625 0.12123841718749999 0.50951215625 0.10734952812500001 0.5403634484375 0.1681134171875 0.551954728125 0.2416088046875 0.484831121875 0.239293971875 0.32234762968749997 0.2115161953125 0.3100071125