1 1 1 0.99609375 0.48148148125 0.3489583328125 0.391203703125 0 0.7175925921874999 0.0026041671875 0.8240740734375 0.65234375 1 1 1
4 0.5890625 0.503125 0.0234375 0.1171875
5 0.39375 0.346875 0.02265625 0.0953125
3 0.24140625 0.49375 0.0265625 0.12578125
4 0.66484375 0.509375 0.0296875 0.11484375
4 0.5453125 0.67734375 0.034375 0.1484375
4 0.61484375 0.53359375 0.04140625 0.103125
4 0.41640625 0.55390625 0.0265625 0.13828125
4 0.884375 0.4578125 0.02734375 0.12265625
5 0.6609375 0.9125 0.04609375 0.15390625
5 0.05390625 0.84921875 0.05625 0.175
4 0.42578125 0.64140625 0.02890625 0.06875
4 0.46171875 0.59140625 0.05625 0.12734375
2 0.20833333281250002 0.38194444375000003 0.1796875 0.3703703703125 0.1067708328125 0.43055555625 0.1184895828125 0.5648148140625 0.1471354171875 0.5671296296875 0.21484375 0.5138888890625 0.20833333281250002 0.38194444375000003