2 0.7955729171875 0.34722222187499996 0.7174479171875 0.3171296296875 0.22916666718749998 0.303240740625 0.1263020828125 0.3634259265625 0.1875 1 0.7552083328125 0.9976851859375 0.7955729171875 0.34722222187499996
1 0 0.8425925921875 0.99609375 0.7916666671875 1 0.3611111109375 0.6536458328125 0.1898148140625 0.30859375 0.1851851859375 0 0.34027777812500004 0 0.8425925921875
4 0.653125 0.31953125 0.0515625 0.178125
4 0.41015625 0.4625 0.0609375 0.26640625
4 0.51640625 0.27578125 0.034375 0.15625
4 0.7546875 0.34140625 0.0515625 0.16171875
5 0.078125 0.234375 0.03359375 0.12734375
4 0.7921875 0.33203125 0.0734375 0.1734375
4 0.28671875 0.50859375 0.08125 0.359375
5 0.9625 0.2453125 0.03671875 0.140625
4 0.915625 0.246875 0.03046875 0.125
3 0.5484375 0.58359375 0.14296875 0.3390625
4 0.46875 0.259375 0.04765625 0.1859375
4 0.48203125 0.17734375 0.01328125 0.06484375
4 0.4578125 0.2125 0.01796875 0.09140625