1 1 0.32029086093750003 0 0.3717096984375 0 0.96405456875 1 0.87972766875 1 0.32029086093750003
4 0.63359375 0.7234375 0.07734375 0.178125
4 0.61875 0.43046875 0.0484375 0.1390625
4 0.8390625 0.7515625 0.0484375 0.17578125
4 0.7359375 0.875 0.05546875 0.22109375
4 0.50546875 0.528125 0.0609375 0.13828125
4 0.44609375 0.62265625 0.06796875 0.1609375
4 0.4625 0.5078125 0.0515625 0.15703125
4 0.52890625 0.37578125 0.04296875 0.1
5 0.3171875 0.303125 0.03125 0.1125
0 0.1609375 0.6984375 0.02265625 0.0375