1 1 0.44907407343749994 0.2916666671875 0.35648148125 0 0.625 0 0.8125 0.7916666671875 1 1 1 1 0.44907407343749994
4 0.359375 0.6921875 0.0328125 0.0875
4 0.446875 0.4828125 0.0421875 0.12109375
4 0.296875 0.5328125 0.03984375 0.1
5 0.20234375 0.83515625 0.04609375 0.17109375
5 0.01640625 0.728125 0.03046875 0.1703125
4 0.9578125 0.45625 0.028125 0.1171875
4 0.51796875 0.584375 0.03671875 0.1234375
4 0.32421875 0.4375 0.025 0.11328125
3 0.15078125 0.49296875 0.03671875 0.125
4 0.37421875 0.759375 0.040625 0.165625
5 0.73125 0.3640625 0.040625 0.103125
4 0.85859375 0.48515625 0.0359375 0.1421875
2 0.0416666671875 0.5370370375 0.07942708281250001 0.546296296875 0.1484375 0.46296296249999996 0.140625 0.34722222187499996 0.1158854171875 0.3425925921875 0.0403645828125 0.3981481484375 0.0416666671875 0.5370370375