4 0.7921875 0.59375 0.05 0.09921875
3 0.6859375 0.5703125 0.04140625 0.10390625
4 0.1046875 0.76015625 0.03125 0.10859375
4 0.14609375 0.75859375 0.02421875 0.10234375
4 0.17734375 0.6828125 0.03515625 0.1015625
3 0.0109375 0.553125 0.02109375 0.1015625
4 0.56328125 0.6515625 0.02734375 0.10234375
5 0.89296875 0.7140625 0.03671875 0.0953125
4 0.5859375 0.49765625 0.015625 0.07109375
5 0.96640625 0.753125 0.0359375 0.11484375
4 0.371875 0.5734375 0.02734375 0.08828125
4 0.109375 0.578125 0.0234375 0.0859375
4 0.365625 0.49453125 0.01640625 0.06875