1 1 1 0.99906805 0.443718328125 0.5445210796875 0.35344621875 0.11992992656250001 0.728422675 0.574476896875 0.9020228859375001 1 1
2 0.3074793921875 0.385851590625 0.3087818203125 0.5154730828125 0.3450927734375 0.5286337765625 0.40385897968749995 0.47380903124999996 0.398649271875 0.3395582015625 0.37781044218750004 0.3302995234375 0.3074793921875 0.385851590625
4 0.3828125 0.4609375 0.0578125 0.08359375
4 0.81953125 0.3828125 0.03203125 0.14765625
4 0.47734375 0.40625 0.0421875 0.04453125
4 0.97734375 0.6765625 0.0453125 0.17890625
5 0.121875 0.62734375 0.0484375 0.1484375
4 0.571875 0.4953125 0.05625 0.1203125
4 0.66484375 0.45234375 0.0375 0.13671875
4 0.521875 0.371875 0.03125 0.11328125
3 0.5453125 0.42578125 0.0296875 0.09296875