1 1 0.8032638484374999 0.514998259375 0.3681059859375 0.000539653125 0.4606927640625 0 1 0.541046796875 1 1 0.858815915625 1 0.8032638484374999
4 0.21015625 0.4828125 0.02890625 0.13671875
4 0.22734375 0.43046875 0.01484375 0.10625
2 0.7181768484375 0.3519032984375 0.6882210296875 0.3611619765625 0.68040646875 0.5162448328125 0.7598545078125001 0.59031425625 0.8190511062500001 0.571843653125 0.8067418734375 0.562538221875 0.8015321656250001 0.41671404375 0.7181768484375 0.3519032984375
3 0.50703125 0.54140625 0.04453125 0.13984375
4 0.3703125 0.6796875 0.02109375 0.21484375
4 0.39140625 0.6859375 0.03125 0.215625
4 0.41171875 0.68984375 0.03125 0.16171875
4 0.31015625 0.59609375 0.06796875 0.13203125
4 0.15625 0.47890625 0.0328125 0.18125
5 0.53203125 0.89453125 0.06953125 0.2109375
5 0.56875 0.3390625 0.0359375 0.14609375
5 0.8265625 0.86796875 0.05859375 0.209375
5 0.97734375 0.65859375 0.0453125 0.1859375