1 1 0.39351851875 0.9548387093749999 0.3499342890625 0 0.39351851875 0 1 0.0390625 1 1 0.9004629625 1 0.39351851875
5 0.2640625 0.8828125 0.05078125 0.159375
4 0.21015625 0.65390625 0.0375 0.15078125
4 0.14375 0.375 0.0375 0.1109375
4 0.4703125 0.4421875 0.02734375 0.125
4 0.58515625 0.57890625 0.0453125 0.16640625
4 0.690625 0.55234375 0.04296875 0.11796875
4 0.7671875 0.57734375 0.04296875 0.10859375
4 0.49609375 0.3984375 0.02890625 0.09296875
4 0.525 0.42265625 0.02578125 0.10078125
5 0.60078125 0.32265625 0.0296875 0.09453125