0 0.9703125 0.43984375 0.0171875 0.04140625
5 0.28828125 0.88828125 0.04296875 0.22109375
4 0.51171875 0.5265625 0.04921875 0.1640625
4 0.63203125 0.378125 0.0390625 0.08203125
4 0.59921875 0.68046875 0.03828125 0.1703125
4 0.5484375 0.3734375 0.028125 0.12578125
4 0.1765625 0.46875 0.0375 0.159375
5 0.34921875 0.29453125 0.034375 0.09609375
3 0.2265625 0.44609375 0.03984375 0.1421875
5 0.3625 0.915625 0.084375 0.16796875
4 0.5203125 0.3796875 0.02578125 0.121875
4 0.75546875 0.53359375 0.0515625 0.1671875
4 0.5203125 0.46015625 0.03125 0.11328125