1 1 0.43312756874999997 0.3376736375 0.3285178875 0 0.647314565625 0 0.8817843921874999 0.3631365828125 0.9928490453125001 0.4730903046875 1 1 1 1 0.43312756874999997
4 0.5015625 0.328125 0.0546875 0.1640625
0 0.85859375 0.553125 0.01640625 0.0390625
4 0.6375 0.7171875 0.0578125 0.20859375
4 0.2734375 0.9140625 0.04453125 0.16875
4 0.0796875 0.64921875 0.046875 0.1828125
4 0.43125 0.93203125 0.0421875 0.13203125
3 0.2171875 0.46640625 0.03125 0.16484375
4 0.303125 0.5125 0.02734375 0.14296875
5 0.8296875 0.3484375 0.0359375 0.134375
4 0.675 0.48828125 0.0359375 0.15390625
4 0.4375 0.50703125 0.028125 0.1515625
4 0.8859375 0.4953125 0.02890625 0.165625
4 0.45859375 0.44375 0.02578125 0.14609375
4 0.41171875 0.5921875 0.04140625 0.1640625
2 0.0390625265625 0.5547606875 0.0899884171875 0.5609309453125 0.17332175 0.49485596249999997 0.165219915625 0.332631378125 0.1293403046875 0.32234762968749997 0.0425347484375 0.38405021562499997 0.0390625265625 0.5547606875