1 1 0.40514069687500004 0.9926622171874999 0.406720196875 0.000539653125 0.3519032984375 0 0.9629760421875 0.5006715640625 0.9976960859374999 1 1 1 0.40514069687500004
0 0.45390625 0.57421875 0.025 0.04140625
4 0.75078125 0.56875 0.053125 0.15078125
4 0.7125 0.81015625 0.07421875 0.15859375
4 0.4078125 0.490625 0.0296875 0.12421875
4 0.484375 0.4625 0.03046875 0.13125
4 0.52578125 0.63125 0.04296875 0.153125
4 0.46171875 0.5109375 0.046875 0.1328125
4 0.61171875 0.3296875 0.046875 0.10859375
5 0.74140625 0.3265625 0.04453125 0.11171875
5 0.70859375 0.9546875 0.04765625 0.090625