1 1 1 0.9950810796875 0.36142595 0.521701415625 0.27915581875 0 0.7090171515625 0.002025471875 0.815539928125 0.6015625265625 0.9985909625 1 1
3 0.29453125 0.44609375 0.04765625 0.159375
0 0.5125 0.7671875 0.02578125 0.0359375
4 0.79765625 0.52109375 0.0796875 0.16484375
4 0.41796875 0.4359375 0.04296875 0.165625
4 0.296875 0.4515625 0.0453125 0.15546875
4 0.68125 0.425 0.046875 0.1765625
4 0.3546875 0.68984375 0.05625 0.190625
4 0.39921875 0.3953125 0.0359375 0.16328125
2 0.25703125 0.38203125 0.14921875 0.2796875
4 0.49765625 0.67578125 0.06796875 0.2109375
4 0.59921875 0.46171875 0.04921875 0.140625
5 0.5796875 0.89140625 0.0671875 0.21640625