1 1 0.8240740687500001 0.8551432203125 0.3819444578125 0.0022786546875000003 0.3935185140625 0 1 1 1 1 0.8240740687500001
4 0.95625 0.453125 0.06015625 0.171875
4 0.25078125 0.63671875 0.0546875 0.221875
4 0.55390625 0.58046875 0.07421875 0.14453125
4 0.5234375 0.4265625 0.06171875 0.16015625
4 0.70625 0.496875 0.0453125 0.1640625
4 0.8796875 0.51484375 0.04140625 0.165625
4 0.42734375 0.44609375 0.03828125 0.1578125
3 0.39296875 0.39453125 0.03671875 0.0859375
2 0.2913411546875 0.28703706875 0.2991536546875 0.388888903125 0.45279946875 0.40046295781249996 0.463216215625 0.3402777921875 0.455403715625 0.20370373437499997 0.2913411546875 0.2106481796875 0.2913411546875 0.28703706875
4 0.4140625 0.3609375 0.0328125 0.115625
0 0.46015625 0.36015625 0.01875 0.02421875
5 0.85 0.28671875 0.04765625 0.1578125