1 0 1 0.10904947031250001 0.9837962921875001 0.60514321875 0.8703704015625 1 0.7939815125 0.9967447828125 0.5914351812499999 0.7366537156249999 0.351851846875 0 0.442129625 0 1
4 0.765625 0.6359375 0.0328125 0.1484375
4 0.77734375 0.55625 0.0390625 0.08203125
4 0.37890625 0.56484375 0.071875 0.171875
4 0.44921875 0.44609375 0.04375 0.11640625
4 0.2984375 0.5046875 0.05390625 0.08359375
4 0.08359375 0.60625 0.03828125 0.16171875
4 0.25390625 0.3765625 0.0359375 0.1125
5 0.940625 0.7234375 0.034375 0.159375
4 0.68359375 0.82109375 0.059375 0.13046875
3 0.84140625 0.47421875 0.040625 0.1484375
5 0.1078125 0.36484375 0.034375 0.13046875
2 0.8798828421874999 0.3402777921875 0.8720703421874999 0.469907403125 0.943684965625 0.5347222359375 0.9938150953125 0.5289351812499999 0.978841215625 0.38657406875 0.904622465625 0.333333346875 0.8798828421874999 0.3402777921875