1 1 1 0.9996744703125 0.43518518124999994 0.40201821875 0.3356481796875 0 0.70138895625 0 0.8333334000000001 0.61295571875 1 1 1
4 0.771875 0.628125 0.05546875 0.1921875
4 0.5859375 0.5421875 0.03125 0.20703125
4 0.50078125 0.403125 0.0390625 0.14375
4 0.5328125 0.4359375 0.0375 0.1375
4 0.38671875 0.52578125 0.04609375 0.175
4 0.39375 0.403125 0.02734375 0.07421875
4 0.54453125 0.875 0.05625 0.23671875
4 0.51875 0.3015625 0.0296875 0.11484375
4 0.2515625 0.56484375 0.053125 0.1484375
5 0.88671875 0.33671875 0.046875 0.13671875
4 0.24921875 0.46328125 0.0375 0.09140625
2 0.16894534218749999 0.3703704015625 0.1725260328125 0.5532407359375 0.2522786546875 0.47453706875 0.2431640921875 0.3194444578125 0.16894534218749999 0.3703704015625