1 1 0.504629625 0.3317057203125 0.4027777921875 0 0.7060185140625 0.0009765921875 0.8495370687499999 0.6311849656249999 1 1 1 1 0.504629625
3 0.81328125 0.52734375 0.0609375 0.13984375
4 0.46328125 0.609375 0.04453125 0.1609375
4 0.49765625 0.51015625 0.03828125 0.13671875
4 0.31015625 0.559375 0.04296875 0.13671875
4 0.34765625 0.490625 0.03125 0.13515625
4 0.33046875 0.44609375 0.025 0.11640625
4 0.22265625 0.546875 0.0359375 0.1234375
4 0.33359375 0.35390625 0.025 0.09765625
4 0.39453125 0.75078125 0.0484375 0.15546875
5 0.65625 0.38984375 0.0328125 0.1140625
5 0.46484375 0.8921875 0.0625 0.20234375
2 0.16503909218749999 0.379629625 0.08430990625 0.43518518124999994 0.08821615625 0.5625000140624999 0.08040365625 0.576388903125 0.1266275953125 0.58969906875 0.1949869703125 0.5300926234375 0.1897786546875 0.388888903125 0.16503909218749999 0.379629625
3 0.20546875 0.490625 0.0328125 0.13515625