1 0 0.9629629578125 0.2952474046875 0.8634259562500001 0.6819662156249999 0.7453704015625 0.8990885328125 0.6817129578125 0.6546224656249999 0.46759262343749997 0.5517578421875 0.3750000140625 0.05045571875 0.4652777921875 0 0.469907403125 0 0.9629629578125
4 0.72421875 0.59453125 0.0328125 0.13515625
4 0.628125 0.53125 0.0296875 0.1328125
4 0.36640625 0.79609375 0.04296875 0.14453125
4 0.534375 0.4875 0.01875 0.10390625
4 0.546875 0.48359375 0.02265625 0.10703125
4 0.61796875 0.3890625 0.0296875 0.08828125
4 0.8640625 0.628125 0.0609375 0.1328125
4 0.009375 0.51484375 0.01875 0.1265625
5 0.5796875 0.34296875 0.01484375 0.09296875
2 0.68326821875 0.36342595625 0.66373696875 0.36805556875 0.65592446875 0.4722222359375 0.7119140921875 0.5231481796875 0.75162759375 0.51157406875 0.7444662156249999 0.49768518124999994 0.7392578421875 0.40046295781249996 0.68326821875 0.36342595625
5 0.54609375 0.7390625 0.03671875 0.15625
5 0.72109375 0.7421875 0.0421875 0.12578125
4 0.57265625 0.79921875 0.04453125 0.15546875