1 1 0.60532406875 0.7236328421875 0.3587962921875 0.1350911546875 0.43750001406249994 0 0.45138890312499996 0 1 0.2600911546875 0.9976504578125001 0.3876953421875 0.9629282359375001 0.67154946875 0.9004282359375001 1 0.8379282359375001 1 0.60532406875
4 0.8921875 0.540625 0.03515625 0.15546875
4 0.02265625 0.57109375 0.03671875 0.171875
4 0.278125 0.5703125 0.053125 0.1375
4 0.30625 0.45078125 0.05390625 0.12578125
4 0.47890625 0.503125 0.059375 0.175
4 0.6234375 0.4203125 0.03203125 0.12265625
4 0.665625 0.53203125 0.04765625 0.1484375
4 0.69296875 0.5265625 0.03828125 0.15078125
5 0.41875 0.91640625 0.06484375 0.1671875
5 0.2453125 0.36015625 0.05859375 0.11328125
2 0.9072265921874999 0.33796295781249996 0.8824869703125 0.34953706875 0.8759765921874999 0.49768518124999994 0.9498697828125 0.563657403125 0.9996744703125 0.5439815125 0.9853515921874999 0.504629625 0.9879557203125 0.3981481796875 0.9072265921874999 0.33796295781249996