1 0.0022786546875000003 0.9722222890625 0.19238284218749999 0.9189815125 0.4892578421875 0.861111178125 1 0.7800926234375 0.9996744703125 0.539351846875 0.7835287156249999 0.344907403125 0.2587890921875 0.40046295781249996 0 0.4282407359375 0.0022786546875000003 0.9722222890625
4 0.63515625 0.68125 0.05234375 0.165625
4 0.684375 0.53671875 0.02578125 0.14375
4 0.640625 0.36640625 0.025 0.09140625
4 0.66875 0.36875 0.0375 0.07265625
4 0.6984375 0.35390625 0.02890625 0.08359375
4 0.4828125 0.38125 0.01875 0.14921875
4 0.246875 0.38515625 0.015625 0.128125
3 0.05859375 0.50546875 0.0515625 0.12734375
3 0.8953125 0.4234375 0.046875 0.12578125
5 0.33828125 0.9125 0.0546875 0.175
5 0.3390625 0.76328125 0.06640625 0.121875
2 0.9267578421874999 0.3402777921875 0.9176432203125 0.4652777921875 0.9850260328125 0.5219907359375 0.990559965625 0.388888903125 0.9996744703125 0.36342595625 0.9501953421874999 0.328703734375 0.9267578421874999 0.3402777921875
5 0.76484375 0.26796875 0.02890625 0.103125