1 0 0.96527784375 0.05045571875 0.9606481796875 0.3902994703125 0.861111178125 0.63248696875 0.798611178125 1 0.7222222890625 0.9977213453125 0.6313657359375 0.6585287156249999 0.32407406875 0 0.42129629218750003 0 0.96527784375
2 0.814778715625 0.3078704015625 0.79264321875 0.317129625 0.7822265921875 0.43518518124999994 0.8473307203125 0.49305556875 0.896809965625 0.48842595624999996 0.885091215625 0.46296295781249996 0.888997465625 0.3587962921875 0.814778715625 0.3078704015625
4 0.55 0.44609375 0.03515625 0.0984375
4 0.259375 0.58828125 0.05546875 0.1609375
4 0.415625 0.52265625 0.040625 0.1125
4 0.475 0.54453125 0.03984375 0.128125
4 0.52734375 0.5578125 0.0359375 0.134375
5 0.42265625 0.7859375 0.0375 0.1734375
4 0.44921875 0.7984375 0.02265625 0.153125
4 0.68203125 0.82578125 0.0328125 0.14921875
4 0.6640625 0.64296875 0.0359375 0.15859375
4 0.68359375 0.625 0.040625 0.11171875
0 0.65859375 0.7359375 0.0265625 0.028125
4 0.1328125 0.36015625 0.0359375 0.12734375
5 0.67265625 0.27890625 0.0375 0.10390625
5 0.85859375 0.75859375 0.04296875 0.15390625
3 0.79296875 0.4453125 0.03828125 0.1140625