1 1 0.6851851812499999 0.6546224656249999 0.3657407359375 0 0.4722222359375 0 1 0.18457034218749999 0.9976851812499999 0.6116537156249999 0.8773148453124999 1 0.7847222890625 1 0.6851851812499999
2 0.78873696875 0.361111125 0.7874349656249999 0.49305556875 0.8486328421874999 0.5486111250000001 0.8922525953125 0.539351846875 0.8876953421874999 0.40509262343749997 0.8095703421874999 0.344907403125 0.78873696875 0.361111125
4 0.58046875 0.55234375 0.03671875 0.14453125
4 0.45234375 0.6609375 0.03984375 0.14609375
4 0.453125 0.49921875 0.0171875 0.12734375
4 0.46484375 0.515625 0.0171875 0.13046875
4 0.28828125 0.55078125 0.06875 0.1484375
4 0.37578125 0.4140625 0.021875 0.1109375
4 0.578125 0.87421875 0.06171875 0.1828125
5 0.3875 0.84453125 0.07578125 0.18515625
5 0.6859375 0.32578125 0.025 0.1078125
5 0.01875 0.93671875 0.0375 0.1265625
5 0.70078125 0.48359375 0.02265625 0.125
5 0.71484375 0.4765625 0.03046875 0.15859375
5 0.71796875 0.49375 0.0296875 0.1375