1 0.996875 0.8416666671874999 1 0.48055555625 0.9328125 0.40833333281249995 0.2859375 0.44166666718750003 0.003125 0.447222221875 0 0.925 0.625 0.8638888890624999 0.996875 0.8416666671874999
4 0.15234375 0.45859375 0.0296875 0.078125
4 0.15625 0.6625 0.03125 0.146875
4 0.37421875 0.709375 0.0359375 0.1140625
4 0.38359375 0.4859375 0.0359375 0.0890625
4 0.68203125 0.46796875 0.0421875 0.0859375
4 0.63984375 0.68046875 0.0515625 0.09453125
4 0.68828125 0.721875 0.0296875 0.11640625
4 0.75234375 0.846875 0.0359375 0.15
3 0.971875 0.58359375 0.04375 0.1109375
0 0.75234375 0.70546875 0.0171875 0.0390625
5 0.19609375 0.8484375 0.0453125 0.146875
5 0.7609375 0.371875 0.040625 0.071875
4 0.58359375 0.4265625 0.0421875 0.09140625
5 0.32578125 0.89609375 0.0609375 0.1640625