1 0.3629557203125 1 0.998372465625 0.8240740687500001 0.9967447828125 0.6851851812499999 0.61686196875 0.33796295781249996 0 0.43750001406249994 0.0009765921875 1 0.3629557203125 1
3 0.76875 0.45078125 0.0421875 0.14921875
4 0.65625 0.47421875 0.0328125 0.13984375
4 0.5171875 0.521875 0.040625 0.159375
4 0.55234375 0.534375 0.0484375 0.13515625
4 0.48828125 0.40390625 0.02265625 0.128125
4 0.4015625 0.46953125 0.02734375 0.10703125
4 0.42109375 0.46171875 0.02890625 0.14609375
4 0.2234375 0.621875 0.04921875 0.1921875
0 0.24296875 0.57265625 0.01796875 0.0453125
4 0.42578125 0.3203125 0.028125 0.128125
5 0.10859375 0.35 0.05 0.128125
5 0.3453125 0.9296875 0.071875 0.140625
2 0.76920571875 0.4814815125 0.8512369703125 0.5462962921875001 0.9000650953125 0.532407403125 0.8902994703125 0.3750000140625 0.8004557203125 0.31481484531250004 0.77701821875 0.32407406875 0.76920571875 0.4814815125