1 1 0.45601851406250005 0.3955078421875 0.361111125 0 0.719907403125 0.0022786546875000003 0.789351846875 0.2444661546875 0.8449074031249999 0.7913412156249999 1 1 0.9953704015625 1 0.45601851406250005
4 0.8984375 0.575 0.0328125 0.175
4 0.7171875 0.54453125 0.040625 0.1328125
4 0.48515625 0.57890625 0.0296875 0.1484375
4 0.41015625 0.440625 0.03046875 0.12265625
4 0.24375 0.534375 0.0640625 0.065625
4 0.19921875 0.72890625 0.05078125 0.1296875
4 0.24296875 0.721875 0.04453125 0.18671875
3 0.2765625 0.47578125 0.02734375 0.1375
4 0.30859375 0.51484375 0.03828125 0.090625
5 0.81171875 0.36328125 0.034375 0.1203125
4 0.4375 0.85078125 0.03828125 0.18828125
5 0.75234375 0.90234375 0.0546875 0.1953125
2 0.2262369703125 0.3402777921875 0.1520182203125 0.3935185140625 0.1507161546875 0.539351846875 0.1881510328125 0.548032403125 0.2535807203125 0.4953704015625 0.2457682203125 0.3564815125 0.2262369703125 0.3402777921875