1 1 0.445601846875 0.3186849046875 0.3564815125 0 0.6458334 0.0022786546875000003 0.7962962921875001 0.41243490625 0.884259290625 0.9254557203125 1 1 0.9953704015625 1 0.445601846875
4 0.8640625 0.39296875 0.03125 0.1171875
4 0.66640625 0.421875 0.04453125 0.11953125
4 0.51015625 0.4796875 0.040625 0.128125
4 0.465625 0.4953125 0.0390625 0.10625
4 0.3046875 0.43984375 0.03828125 0.13046875
4 0.340625 0.41796875 0.0453125 0.11796875
3 0.1921875 0.5046875 0.04140625 0.096875
4 0.4703125 0.746875 0.06953125 0.12265625
4 0.4453125 0.6640625 0.0515625 0.07890625
5 0.671875 0.9015625 0.04921875 0.196875
5 0.03359375 0.74140625 0.0421875 0.19296875
4 0.31484375 0.83828125 0.03671875 0.18828125
2 0.1507161546875 0.3310185140625 0.07649740625 0.388888903125 0.06608071875 0.520833346875 0.11393228281250001 0.5341435140625 0.1780599046875 0.47916668125 0.1754557203125 0.3472222359375 0.1507161546875 0.3310185140625
2 0.803125 0.3515625 0.0265625 0.103125