1 0.14550784218749999 0.9398148453124999 0.4736328421875 0.8657407359375 0.71061196875 0.8194445109374999 1 0.7708334 0.9977213453125 0.5688657359375 0.7548828421875 0.3402777921875 0.0009765921875 0.42592595624999996 0.0009765921875 0.976851846875 0.14550784218749999 0.9398148453124999
4 0.84453125 0.4375 0.0390625 0.14375
4 0.67109375 0.46640625 0.0421875 0.1140625
4 0.6328125 0.65 0.04609375 0.1484375
4 0.6359375 0.5515625 0.0453125 0.07265625
4 0.65078125 0.38515625 0.034375 0.08125
4 0.4734375 0.39140625 0.0453125 0.10078125
4 0.34140625 0.54609375 0.03046875 0.1390625
4 0.1140625 0.56171875 0.0421875 0.14140625
4 0.3828125 0.35390625 0.04375 0.1015625
0 0.3265625 0.43515625 0.0265625 0.0375
4 0.7625 0.8234375 0.04921875 0.153125
4 0.540625 0.81328125 0.04765625 0.16953125
5 0.3796875 0.815625 0.07578125 0.18828125
5 0.76171875 0.275 0.03828125 0.10703125
5 0.94140625 0.77421875 0.0546875 0.2015625
2 0.888997465625 0.326388903125 0.8837890921874999 0.45601851406250005 0.9449869703125 0.509259290625 0.9928385328125 0.5063657359375 0.9853515921874999 0.37731484531250004 0.9111328421874999 0.321759290625 0.888997465625 0.326388903125