1 0.48014321875 1 0.6923828421875 0.9537037343750001 1 0.8981481796875 0.9996744703125 0.539351846875 0.7548828421875 0.31481484531250004 0.2223307203125 0.3935185140625 0 0.4189815125 0 1 0.48014321875 1
4 0.7453125 0.46875 0.04453125 0.1640625
4 0.815625 0.43125 0.06015625 0.0859375
4 0.4609375 0.5703125 0.05078125 0.2109375
4 0.15703125 0.47109375 0.0625 0.1828125
4 0.5859375 0.35390625 0.0171875 0.13984375
4 0.60546875 0.38046875 0.028125 0.1609375
4 0.61484375 0.33359375 0.02265625 0.1296875
5 0.66875 0.2484375 0.0390625 0.1234375
5 0.5015625 0.88515625 0.08125 0.2296875
3 0.85625 0.38203125 0.0390625 0.18125
2 1 0.317129625 0.9736328421874999 0.29166668125 0.9384765921874999 0.30092595625 0.9313150953125 0.469907403125 1 0.539351846875 1 0.317129625