1 1 1 0.9970703421874999 0.43518518124999994 0.56608071875 0.3472222359375 0.11425784218749999 0.726851846875 0.64420571875 0.9212962921875001 0.8642578421874999 1 1 1
4 0.9203125 0.71015625 0.06015625 0.18203125
4 0.8015625 0.91875 0.04765625 0.1625
4 0.8421875 0.9296875 0.0375 0.140625
4 0.4609375 0.63125 0.046875 0.14921875
4 0.4828125 0.53046875 0.0484375 0.1484375
4 0.3453125 0.52109375 0.03984375 0.14375
2 0.3994140921875 0.317129625 0.3186849046875 0.36342595625 0.3186849046875 0.48842595624999996 0.3056640921875 0.5069444578125 0.3561197828125 0.520254625 0.4228515921875 0.469907403125 0.42415365625 0.326388903125 0.3994140921875 0.317129625
3 0.40234375 0.47578125 0.0484375 0.12265625
4 0.62890625 0.56640625 0.03828125 0.17265625
4 0.6609375 0.4984375 0.0453125 0.1375
4 0.63125 0.46015625 0.025 0.0609375
4 0.0859375 0.6640625 0.06171875 0.14453125
0 0.11484375 0.72578125 0.025 0.0390625
5 0.440625 0.76640625 0.065625 0.20390625
5 0.5265625 0.29921875 0.03671875 0.11015625