1 1 0.46296295781249996 0.3486328421875 0.36805556875 0 0.6944445109374999 0.0022786546875000003 0.7175926234375 0.40071615625 0.8078704015625 0.931966215625 0.9490740687500001 1 0.9814815125 1 0.46296295781249996
4 0.67890625 0.8 0.0453125 0.1734375
4 0.4765625 0.628125 0.0359375 0.1328125
4 0.29296875 0.6984375 0.04375 0.15859375
4 0.52578125 0.4578125 0.034375 0.1171875
4 0.2984375 0.58125 0.05546875 0.096875
4 0.3171875 0.49609375 0.0390625 0.1046875
4 0.63828125 0.38515625 0.025 0.10078125
4 0.15 0.54140625 0.04296875 0.12578125
3 0.92890625 0.6203125 0.034375 0.1484375
2 0.2106119703125 0.3472222359375 0.14941409218749999 0.391203734375 0.15332034218749999 0.504629625 0.1813150953125 0.520254625 0.2418619703125 0.4652777921875 0.2340494703125 0.3587962921875 0.2106119703125 0.3472222359375
3 0.2328125 0.459375 0.0328125 0.1
5 0.903125 0.3734375 0.0234375 0.10078125
5 0.86640625 0.87734375 0.06171875 0.18984375