1 0 1 1 0.9976851812499999 0.9996744703125 0.5462962921875001 0.9527994703125 0.38657406875 0 0.3935185140625 0 1
4 0.6890625 0.434375 0.05625 0.14453125
4 0.22890625 0.62890625 0.05625 0.18671875
4 0.61875 0.59609375 0.05078125 0.16875
4 0.5515625 0.578125 0.05234375 0.16796875
4 0.409375 0.47421875 0.0296875 0.16796875
4 0.43125 0.38671875 0.0328125 0.125
4 0.35546875 0.37734375 0.040625 0.16171875
5 0.9375 0.303125 0.04609375 0.13515625
4 0.79765625 0.465625 0.05234375 0.15703125
0 0.83046875 0.521875 0.0203125 0.034375
2 0.3850911546875 0.3310185140625 0.3916015921875 0.3935185140625 0.54459634375 0.383101846875 0.5478515921875 0.317129625 0.55045571875 0.2106481796875 0.3811849046875 0.2129629578125 0.3850911546875 0.3310185140625
3 0.51875 0.33125 0.0609375 0.146875