1 1 1 0.9977213453125 0.504629625 0.3759765921875 0.40509262343749997 0 0.7407407359375 0 0.8935185140625 0.44498696875 1 1 1
4 0.49609375 0.61953125 0.03828125 0.15390625
4 0.52265625 0.63671875 0.04453125 0.16640625
4 0.55390625 0.56328125 0.05234375 0.14609375
4 0.4078125 0.57265625 0.03828125 0.15625
4 0.49375 0.49375 0.053125 0.128125
4 0.3859375 0.4828125 0.034375 0.15078125
4 0.35 0.44453125 0.03203125 0.13984375
5 0.7265625 0.39453125 0.046875 0.14140625
5 0.8109375 0.96171875 0.06015625 0.0765625
3 0.25390625 0.503125 0.0515625 0.15625
4 0.37734375 0.365625 0.0328125 0.08359375
2 0.1832682203125 0.3819444578125 0.10514322031250001 0.4398148453125 0.10253909218749999 0.5856481796875 0.09342446875 0.594907403125 0.1461588453125 0.6035879578125 0.2210286546875 0.539351846875 0.2184244703125 0.391203734375 0.1832682203125 0.3819444578125