1 0 1 0.08951821875 0.9976851812499999 0.3160807203125 0.9259259562500001 0.7041015921875 0.8240740687500001 1 0.754629625 0.9996744703125 0.673032403125 0.63248696875 0.34259262343749997 0 0.43518518124999994 0 1
5 0.890625 0.69765625 0.03828125 0.184375
4 0.603125 0.83125 0.03515625 0.153125
4 0.5515625 0.64609375 0.046875 0.1515625
4 0.33515625 0.7671875 0.0453125 0.1921875
4 0.3546875 0.57890625 0.0296875 0.1703125
4 0.19921875 0.60390625 0.0546875 0.17109375
4 0.41328125 0.43515625 0.03515625 0.1390625
4 0.62109375 0.4359375 0.0203125 0.1375
4 0.6390625 0.45234375 0.01875 0.11015625
4 0.178125 0.38203125 0.0421875 0.115625
4 0.771875 0.52578125 0.0671875 0.0546875
0 0.828125 0.54609375 0.0140625 0.028125
2 0.7978515921875 0.321759290625 0.7757162156249999 0.32407406875 0.76920571875 0.45833334687500005 0.8317057203125 0.5185185140625 0.8873697828125 0.504629625 0.8707682203125 0.46759262343749997 0.873372465625 0.37731484531250004 0.7978515921875 0.321759290625
5 0.05625 0.36484375 0.0328125 0.1171875