1 0.8785807203125 1 1 0.9907407359375 0.9967447828125 0.43692129218750003 0.5283203421875 0.351851846875 0.09993490625 0.72453706875 0.6025390921875 0.8912037343750001 0.8785807203125 1
4 0.9109375 0.74140625 0.0453125 0.20234375
4 0.753125 0.9046875 0.03671875 0.190625
4 0.784375 0.91875 0.03125 0.1625
4 0.5984375 0.5 0.046875 0.12578125
4 0.4265625 0.5984375 0.0453125 0.14140625
4 0.43515625 0.49140625 0.03046875 0.08125
4 0.31953125 0.5234375 0.03671875 0.15625
4 0.0875 0.63984375 0.05625 0.159375
2 0.3668619703125 0.321759290625 0.2926432203125 0.37268518125 0.2926432203125 0.48842595624999996 0.2848307203125 0.51157406875 0.3297525953125 0.520254625 0.3929036546875 0.476851846875 0.3902994703125 0.333333346875 0.3668619703125 0.321759290625
3 0.37421875 0.47109375 0.04453125 0.14140625
5 0.48984375 0.315625 0.03828125 0.090625
5 0.403125 0.7484375 0.07265625 0.18828125
0 0.12734375 0.66328125 0.02109375 0.0390625
4 0.5609375 0.57578125 0.04765625 0.18125
4 0.6515625 0.4984375 0.0453125 0.146875