1 1 0.395254625 0.09212240625 0.38657406875 0 0.66203706875 0.0022786546875000003 1 1 1 1 0.40046295781249996 1 0.395254625
4 0.678125 0.48828125 0.040625 0.18984375
4 0.540625 0.53671875 0.04296875 0.15390625
4 0.39375 0.67890625 0.05859375 0.20234375
4 0.440625 0.4203125 0.04296875 0.1640625
4 0.34765625 0.50546875 0.05390625 0.1609375
4 0.31015625 0.45625 0.04609375 0.153125
4 0.39296875 0.35703125 0.0484375 0.14609375
0 0.3953125 0.44296875 0.02421875 0.02578125
2 0.5022787156249999 0.3402777921875 0.50748696875 0.391203734375 0.66373696875 0.3813657359375 0.6702474656249999 0.30092595625 0.67154946875 0.2060185140625 0.5022787156249999 0.20138890312500002 0.5022787156249999 0.3402777921875
3 0.56328125 0.3390625 0.05703125 0.15078125
4 0.1109375 0.3203125 0.05625 0.11015625
5 0.02265625 0.4765625 0.0375 0.16640625
5 0.0890625 0.2390625 0.04453125 0.090625
3 0.3328125 0.9671875 0.06328125 0.065625