1 1 0.5410879578125 0.803059965625 0.35416668125 0.2366536546875 0.40509262343749997 0 0.43055556875 0.0009765921875 0.923611178125 0.2770182203125 0.8657407359375 0.5244140921875 0.821759290625 1 0.759259290625 1 0.5439815125 1 0.5410879578125
4 0.61953125 0.7046875 0.05625 0.16015625
4 0.5453125 0.55234375 0.0328125 0.12265625
4 0.44921875 0.38984375 0.03046875 0.1
3 0.18515625 0.509375 0.04296875 0.1203125
4 0.5953125 0.39453125 0.0171875 0.09921875
4 0.5875 0.36484375 0.0171875 0.09453125
4 0.73671875 0.37109375 0.02109375 0.08671875
4 0.7609375 0.3703125 0.021875 0.09296875
3 0.89765625 0.440625 0.02734375 0.13671875
2 0.9332682203125 0.34953706875 0.9267578421874999 0.46296295781249996 0.9850260328125 0.5289351812499999 0.994466215625 0.3981481796875 0.9970703421874999 0.379629625 0.951497465625 0.3402777921875 0.9332682203125 0.34953706875
5 0.38828125 0.8875 0.04921875 0.17890625
5 0.34140625 0.78984375 0.03515625 0.1609375
5 0.74140625 0.2890625 0.02109375 0.08359375