1 0.9967447828125 0.289351846875 0.3590494703125 0.30092595625 0.3577474046875 0.8634259562500001 1 0.8750000671875 0.9967447828125 0.289351846875
4 0.865625 0.290625 0.05 0.196875
4 0.759375 0.3875 0.04296875 0.21640625
4 0.54765625 0.39140625 0.04921875 0.23984375
4 0.5125 0.39765625 0.046875 0.2
3 0.43046875 0.43828125 0.08046875 0.15546875
4 0.98984375 0.3078125 0.01953125 0.20390625
4 0.66640625 0.21953125 0.03671875 0.1765625
4 0.72734375 0.2078125 0.03359375 0.1671875
2 0.2952474046875 0.21990740312499998 0.2848307203125 0.45601851406250005 0.2679036546875 0.45833334687500005 0.2574869703125 0.532407403125 0.2548828421875 0.5532407359375 0.3561197828125 0.5601851812499999 0.3538411546875 0.289351846875 0.3564453421875 0.21527779218749998 0.2952474046875 0.21990740312499998
5 0.2703125 0.2109375 0.0453125 0.17578125