1 1 0.47858795781249996 0.2119140921875 0.37731484531250004 0.0009765921875 0.5694444578125 0 0.9537037343750001 0.2796224046875 1 1 0.9953704015625 1 0.47858795781249996
4 0.64765625 0.703125 0.05234375 0.209375
4 0.6671875 0.471875 0.05234375 0.153125
4 0.540625 0.496875 0.03203125 0.15078125
4 0.409375 0.39921875 0.0421875 0.13671875
4 0.28203125 0.5625 0.05703125 0.153125
4 0.321875 0.390625 0.03203125 0.1578125
4 0.34921875 0.42890625 0.02734375 0.175
4 0.15 0.53515625 0.03828125 0.1796875
5 0.69921875 0.3421875 0.0328125 0.13515625
3 0.07421875 0.4875 0.04296875 0.159375
2 0 0.5856481796875 0.04069009375 0.532407403125 0.03352865625 0.36342595625 0 0.35416668125 0 0.4027777921875 0 0.5856481796875