1 1 0.629629625 0.6819662156249999 0.344907403125 0.0022786546875000003 0.442129625 0 1 0.0478515921875 0.9953704015625 0.3629557203125 0.9120370687499999 1 0.7708334 1 0.6319444578125 1 0.629629625
3 0.79140625 0.4546875 0.034375 0.1328125
4 0.59296875 0.69453125 0.0375 0.153125
4 0.628125 0.66171875 0.03515625 0.13984375
4 0.421875 0.56796875 0.0625 0.1328125
4 0.47265625 0.51796875 0.04375 0.1484375
4 0.496875 0.46484375 0.046875 0.12578125
4 0.4375 0.4765625 0.03828125 0.13046875
4 0.22109375 0.37265625 0.0421875 0.12109375
4 0.0953125 0.596875 0.04296875 0.18125
4 0.634375 0.8234375 0.0640625 0.1484375
5 0.8515625 0.72421875 0.040625 0.1859375
5 0.06640625 0.36328125 0.03125 0.10625
2 0.822591215625 0.33796295781249996 0.8134765921874999 0.4652777921875 0.8759765921874999 0.5254629578125 0.9274088453125 0.508101846875 0.9176432203125 0.388888903125 0.842122465625 0.32407406875 0.822591215625 0.33796295781249996
0 0.315625 0.690625 0.0265625 0.04921875