1 0.0009765921875 0.8587962921875001 0.4580078421875 0.986111178125 0.5022787156249999 0.9953704015625 1 0.9930556218750001 0.998372465625 0.45601851406250005 0.3863932203125 0.351851846875 0.2249349046875 0.504629625 0.0035807187499999997 0.703703734375 0.0009765921875 0.8587962921875001
4 0.77421875 0.7390625 0.0625 0.22578125
4 0.3453125 0.521875 0.02734375 0.159375
4 0.3703125 0.5078125 0.03671875 0.1375
4 0.5578125 0.4734375 0.06171875 0.13671875
4 0.69609375 0.43203125 0.046875 0.159375
4 0.56640625 0.3234375 0.0484375 0.13046875
4 0.50703125 0.3703125 0.04453125 0.11640625
4 0.4796875 0.42890625 0.05859375 0.06796875
2 0.10644534218749999 0.55092595625 0.1507161546875 0.567129625 0.2389322828125 0.485532403125 0.2249349046875 0.3402777921875 0.1910807203125 0.333333346875 0.10644534218749999 0.38657406875 0.10644534218749999 0.55092595625
3 0.2359375 0.4453125 0.03203125 0.165625
5 0.8734375 0.33828125 0.0421875 0.1296875