1 0 0.9050926234375 0.1285807203125 0.8657407359375 0.3929036546875 0.789351846875 0.9264322828125 0.6504629578125 0.71061196875 0.46064817968750005 0.5999349656249999 0.3564815125 0 0.44907406875 0 0.9050926234375
4 0.45546875 0.75390625 0.040625 0.14453125
4 0.1484375 0.4953125 0.025 0.1203125
4 0.53984375 0.584375 0.02578125 0.128125
4 0.57421875 0.4984375 0.0234375 0.11953125
4 0.6078125 0.5375 0.025 0.10078125
4 0.67109375 0.50546875 0.02734375 0.09921875
5 0.553125 0.68203125 0.04375 0.13203125
4 0.865625 0.59296875 0.02890625 0.128125
4 0.76484375 0.48984375 0.02890625 0.09453125
2 0.7744140921875 0.3819444578125 0.7210287156249999 0.33796295781249996 0.70279946875 0.34953706875 0.70084634375 0.45081018124999994 0.74967446875 0.49768518124999994 0.7796224656249999 0.48842595624999996 0.7744140921875 0.3819444578125
3 0.7375 0.44609375 0.0296875 0.1125
4 0.52734375 0.46484375 0.0328125 0.0890625
5 0.5875 0.32109375 0.02421875 0.075