1 1 0.7025462921875001 0.6142578421875 0.35416668125 0 0.453703734375 0.0035807187499999997 1 0.2783203421875 1 0.67936196875 0.879629625 1 0.8055556218750001 1 0.7025462921875001
4 0.48671875 0.73984375 0.0640625 0.14453125
4 0.29296875 0.5 0.04921875 0.11171875
4 0.41953125 0.53828125 0.02734375 0.13671875
4 0.41796875 0.45 0.0203125 0.04375
4 0.37421875 0.3796875 0.03671875 0.10703125
4 0.66484375 0.5671875 0.03125 0.1625
4 0.68359375 0.48359375 0.0390625 0.14375
3 0.721875 0.52109375 0.05 0.10078125
5 0.3203125 0.88515625 0.05625 0.20625
5 0.65546875 0.31328125 0.03515625 0.11796875
2 0.78873696875 0.333333346875 0.76529946875 0.344907403125 0.76139321875 0.47916668125 0.8317057203125 0.5462962921875001 0.8798828421874999 0.539351846875 0.8668619703125 0.48611112500000003 0.8746744703125 0.391203734375 0.78873696875 0.333333346875
4 0.5390625 0.89375 0.0703125 0.18046875