1 0.2509765921875 1 0.69108071875 0.8935185140625 1 0.84027784375 0.9957682203125 0.539351846875 0.7522787156249999 0.317129625 0 0.4189815125 0 1 0.2509765921875 1
4 0.490625 0.6125 0.034375 0.1875
4 0.1453125 0.44609375 0.03359375 0.1578125
4 0.75546875 0.46328125 0.02734375 0.1609375
4 0.634375 0.3734375 0.025 0.146875
4 0.603125 0.3625 0.04609375 0.084375
4 0.625 0.29453125 0.028125 0.06328125
4 0.54765625 0.36796875 0.021875 0.14375
2 0.9869257359375 0.516474571875 0.9931640921874999 0.36342595625 1 0.3356481796875 0.9423828421874999 0.298611125 0.9150390921874999 0.321759290625 0.908528715625 0.453703734375 0.9869257359375 0.516474571875
4 0.82578125 0.43203125 0.05625 0.0703125
5 0.74296875 0.2484375 0.0375 0.11953125
5 0.31953125 0.8828125 0.0703125 0.2109375
5 0.2125 0.96640625 0.05625 0.0625
3 0.84375 0.36875 0.040625 0.1375