1 1 0.679976846875 0.6220703421875 0.34953706875 0 0.446759290625 0 1 0.4189453421875 0.9976851812499999 0.74967446875 0.9004629578125 1 0.8379629578125 1 0.679976846875
4 0.4140625 0.53359375 0.0234375 0.17890625
4 0.3640625 0.4828125 0.03359375 0.15078125
4 0.45703125 0.4609375 0.0390625 0.15625
4 0.51328125 0.3984375 0.0328125 0.134375
4 0.58203125 0.5265625 0.0328125 0.15546875
4 0.6390625 0.46484375 0.04453125 0.13515625
4 0.41953125 0.33125 0.0328125 0.11953125
4 0.47578125 0.78046875 0.04453125 0.19765625
3 0.75625 0.4625 0.04765625 0.1484375
2 0.7835287156249999 0.333333346875 0.7835287156249999 0.48842595624999996 0.8525390921874999 0.55555556875 0.9137369703125 0.539351846875 0.900716215625 0.5300926234375 0.900716215625 0.384259290625 0.8082682203125 0.3194444578125 0.7835287156249999 0.333333346875
5 0.4078125 0.90234375 0.07109375 0.1953125
5 0.1328125 0.35234375 0.04140625 0.1375
0 0.37109375 0.54140625 0.02265625 0.03203125