1 1 1 0.9967447828125 0.41782406875 0.44889321875 0.326388903125 0 0.7175926234375 0 0.76388895625 0.5009765921875 0.9004629578125 0.8056640921874999 1 1 1
4 0.821875 0.7234375 0.059375 0.2015625
4 0.56953125 0.3828125 0.04765625 0.12421875
4 0.6921875 0.365625 0.0375 0.125
4 0.48046875 0.54140625 0.04296875 0.14921875
4 0.55859375 0.88125 0.0515625 0.2046875
4 0.30625 0.58125 0.05078125 0.175
4 0.33984375 0.49921875 0.02265625 0.15546875
3 0.315625 0.46171875 0.02734375 0.1046875
4 0.428125 0.51171875 0.06796875 0.08359375
5 0.5484375 0.7671875 0.04296875 0.10859375
2 0.2275390921875 0.35416668125 0.2301432203125 0.5254629578125 0.3004557203125 0.45833334687500005 0.2965494703125 0.30092595625 0.2275390921875 0.35416668125
5 0.40546875 0.2625 0.03671875 0.11328125