1 1 0.38643518125 0.5661002515625 0.384120375 0.0022981875 0.358657403125 0 0.8887500140625001 0.5647787156249999 0.8958334000000001 1 0.9247685140625 1 0.38643518125
4 0.75078125 0.77734375 0.0390625 0.1953125
4 0.515625 0.4015625 0.0390625 0.11328125
4 0.7453125 0.4625 0.0296875 0.13046875
4 0.821875 0.42109375 0.02734375 0.1109375
4 0.353125 0.53359375 0.05390625 0.159375
4 0.28984375 0.5296875 0.03125 0.14375
4 0.0625 0.8640625 0.0625 0.21171875
5 0.38984375 0.88984375 0.05625 0.20703125
5 0.84375 0.3265625 0.0328125 0.1015625
4 0.59296875 0.34453125 0.04296875 0.08359375
4 0.78359375 0.63984375 0.0453125 0.15546875
0 0.4828125 0.40703125 0.0171875 0.03359375
0 0.134375 0.79765625 0.078125 0.128125