1 1 0.42361112500000003 0.40201821875 0.328703734375 0.15722659218749999 0.5532407359375 0.0022786546875000003 0.6875000671875 0 0.789351846875 0.46451821875 0.9097222890625 0.7587890921875 1 1 0.99751156875 1 0.42361112500000003
4 0.8671875 0.66171875 0.0484375 0.1953125
4 0.71640625 0.40234375 0.03515625 0.14921875
4 0.5265625 0.38046875 0.04609375 0.1328125
4 0.50078125 0.890625 0.046875 0.209375
4 0.4359375 0.5390625 0.04140625 0.190625
4 0.35625 0.5796875 0.0546875 0.15078125
4 0.315625 0.50234375 0.0328125 0.16171875
3 0.2828125 0.471875 0.04609375 0.11171875
2 0.1832682203125 0.365567125 0.1813150953125 0.525289346875 0.2574869703125 0.462789346875 0.2522786546875 0.31232640312500004 0.1832682203125 0.365567125
5 0.3734375 0.27890625 0.034375 0.11796875
5 0.5671875 0.85234375 0.04921875 0.234375