1 1 0.46296295781249996 0.9967447828125 0.46296295781249996 0.3369140921875 0.37268518125 0 0.6782407359375 0.0009765921875 0.7407407359375 0.65201821875 0.8958334000000001 1 0.9930556218750001 1 0.46296295781249996
4 0.6984375 0.5796875 0.0375 0.15078125
4 0.484375 0.60703125 0.03828125 0.14609375
4 0.26015625 0.54375 0.034375 0.12578125
4 0.290625 0.57578125 0.0328125 0.121875
4 0.4 0.4328125 0.01953125 0.1203125
4 0.328125 0.48984375 0.028125 0.1125
4 0.28515625 0.44609375 0.02734375 0.12578125
4 0.31796875 0.41875 0.01953125 0.07890625
2 0.2171224046875 0.3657407359375 0.19238284218749999 0.35416668125 0.1285807203125 0.40046295781249996 0.1350911546875 0.5000000140624999 0.12597659218749999 0.5254629578125 0.1647135328125 0.532407403125 0.1676432203125 0.532407403125 0.2223307203125 0.48379629218750003 0.2171224046875 0.3657407359375
3 0.21640625 0.4390625 0.0328125 0.12578125
5 0.703125 0.35859375 0.0359375 0.10703125
5 0.978125 0.93125 0.04296875 0.13203125