1 0.0009765921875 0.438657403125 0 1 0.3382161546875 0.9930556218750001 0.76529946875 0.884259290625 0.9996744703125 0.8333334000000001 0.9996744703125 0.6469907359375 0.8095703421874999 0.476851846875 0.66373696875 0.34259262343749997 0.3264974046875 0.388888903125 0.0009765921875 0.438657403125
4 0.44765625 0.528125 0.03671875 0.15703125
4 0.4546875 0.46328125 0.040625 0.1390625
4 0.2890625 0.4890625 0.040625 0.14609375
4 0.75390625 0.54765625 0.0390625 0.196875
4 0.721875 0.49296875 0.03515625 0.18125
4 0.53515625 0.6796875 0.08046875 0.16328125
3 0.7546875 0.43203125 0.0375 0.090625
5 0.18203125 0.909375 0.08359375 0.18125
5 0.0171875 0.95 0.034375 0.1
2 0.8486328421874999 0.317129625 0.818684965625 0.326388903125 0.814778715625 0.47916668125 0.888997465625 0.54166668125 0.9508463453125 0.5341435140625 0.9306640921874999 0.51157406875 0.9332682203125 0.37731484531250004 0.8486328421874999 0.317129625
5 0.68359375 0.2796875 0.0328125 0.11640625
0 0.83671875 0.46171875 0.0234375 0.03515625
4 0.5921875 0.90078125 0.0421875 0.16640625