1 1 0.49942129218750003 0.3382161546875 0.4027777921875 0 0.719907403125 0 0.8125000671875 0.2835286546875 0.8773148453124999 0.67545571875 0.9814815125 0.7600912156249999 1 1 1 1 0.49942129218750003
4 0.59453125 0.76484375 0.078125 0.165625
4 0.38671875 0.36171875 0.03203125 0.0859375
4 0.46484375 0.596875 0.0515625 0.1671875
4 0.63515625 0.496875 0.04453125 0.103125
4 0.29921875 0.51015625 0.034375 0.15078125
4 0.33125 0.53046875 0.03515625 0.134375
4 0.33515625 0.43828125 0.0265625 0.0765625
4 0.17578125 0.5421875 0.0234375 0.165625
4 0.01484375 0.81484375 0.0296875 0.2
4 0.696875 0.50703125 0.040625 0.1671875
5 0.7171875 0.39140625 0.03984375 0.09296875
3 0.2203125 0.490625 0.03828125 0.13515625
5 0.390625 0.853125 0.04609375 0.1828125
2 0.17675784218749999 0.3819444578125 0.10904947031250001 0.43518518124999994 0.11295572031250001 0.5694444578125 0.0986328421875 0.57407406875 0.1481119703125 0.5775462921875001 0.2119140921875 0.5254629578125 0.2041015921875 0.391203734375 0.17675784218749999 0.3819444578125