1 0.70279946875 0.34953706875 0.0009765921875 0.442129625 0 0.9953704015625 0.06998696875 1 0.6337890921875 0.8587962921875001 0.9967447828125 0.785879625 1 0.6273148453124999 0.857747465625 0.49768518124999994 0.70279946875 0.34953706875
4 0.59296875 0.471875 0.034375 0.121875
4 0.6140625 0.459375 0.021875 0.128125
4 0.496875 0.609375 0.03359375 0.16484375
4 0.44140625 0.4359375 0.0359375 0.1375
4 0.38671875 0.52109375 0.0671875 0.12421875
4 0.31796875 0.5078125 0.05390625 0.11796875
4 0.2484375 0.7703125 0.05546875 0.2046875
4 0.10703125 0.40078125 0.0328125 0.10546875
5 0.88046875 0.74375 0.05859375 0.19765625
3 0.82109375 0.45625 0.0296875 0.1328125
5 0.05859375 0.36796875 0.03828125 0.09765625
2 0.8642578421874999 0.328703734375 0.8395182203125 0.344907403125 0.834309965625 0.47453706875 0.896809965625 0.5277777921875 0.9508463453125 0.532407403125 0.9384765921874999 0.4814815125 0.943684965625 0.38657406875 0.8642578421874999 0.328703734375