1 0.3912760328125 1 0.5696615281249999 0.9444445109374999 1 0.8333334000000001 0.9967447828125 0.67592595625 0.61783853125 0.333333346875 0.2988281546875 0.395833346875 0 0.43750001406249994 0 1 0.3912760328125 1
3 0.79140625 0.4984375 0.0578125 0.1234375
4 0.74453125 0.51328125 0.03671875 0.16328125
4 0.553125 0.521875 0.0484375 0.128125
4 0.5859375 0.52109375 0.040625 0.1515625
4 0.50703125 0.4140625 0.03515625 0.14453125
4 0.42421875 0.34453125 0.03671875 0.12109375
4 0.38203125 0.48671875 0.0375 0.16953125
4 0.41484375 0.47578125 0.03671875 0.14609375
4 0.20078125 0.54921875 0.05390625 0.14140625
5 0.27890625 0.94453125 0.053125 0.1109375
2 0.815755278125 0.3125000140625 0.7874349656249999 0.3310185140625 0.7861328421875 0.47453706875 0.853841215625 0.55092595625 0.9160156546874999 0.54166668125 0.925130278125 0.5023148453124999 0.9029947828125 0.379629625 0.815755278125 0.3125000140625
0 0.921875 0.5 0.0140625 0.03203125
5 0.09375 0.34453125 0.0453125 0.1390625