1 1 0.429976846875 0.4267578421875 0.333333346875 0.1832682203125 0.55092595625 0 0.7175926234375 0 0.8333334000000001 0.490559965625 0.9675926234375 0.58561196875 1 1 1 1 0.429976846875
4 0.5625 0.88203125 0.06796875 0.2359375
4 0.90390625 0.671875 0.06171875 0.20625
4 0.609375 0.54453125 0.03828125 0.19765625
4 0.57890625 0.46953125 0.0453125 0.153125
4 0.48515625 0.42421875 0.03125 0.165625
4 0.41640625 0.42421875 0.03671875 0.15546875
4 0.2484375 0.590625 0.04453125 0.1796875
4 0.64765625 0.3234375 0.034375 0.13515625
4 0.31328125 0.51953125 0.03359375 0.1828125
3 0.28046875 0.471875 0.053125 0.08359375
5 0.96171875 0.340625 0.03359375 0.15703125
2 0.1819661546875 0.36805556875 0.18457034218749999 0.5462962921875001 0.2626953421875 0.476851846875 0.2587890921875 0.31481484531250004 0.1819661546875 0.36805556875