1 1 0.657407403125 0.9977213453125 0.6591435140625 0.6533203421875 0.3472222359375 0 0.4398148453125 0 0.9930556218750001 0.05305990625 0.9976851812499999 0.3395182203125 0.9189815125 0.78483071875 0.8009259562500001 1 0.754629625 1 0.657407403125
4 0.56875 0.64765625 0.04765625 0.1578125
4 0.34765625 0.571875 0.03828125 0.134375
4 0.45546875 0.76796875 0.0484375 0.1765625
4 0.2140625 0.61875 0.05546875 0.128125
4 0.4578125 0.43984375 0.0375 0.1203125
4 0.55390625 0.4734375 0.03515625 0.11796875
4 0.5703125 0.45234375 0.040625 0.11796875
4 0.6265625 0.81796875 0.06171875 0.1609375
4 0.2 0.36328125 0.03359375 0.10625
3 0.753125 0.45390625 0.0265625 0.1328125
5 0.07109375 0.36484375 0.0390625 0.103125
5 0.83046875 0.7265625 0.040625 0.15859375
2 0.8160807203125 0.321759290625 0.79264321875 0.326388903125 0.7874349656249999 0.46296295781249996 0.8512369703125 0.5231481796875 0.9108072828125 0.5185185140625 0.8902994703125 0.4907407359375 0.8916015921874999 0.37731484531250004 0.8160807203125 0.321759290625
0 0.2328125 0.6765625 0.025 0.0453125