1 1 1 0.998372465625 0.43055556875 0.3681640921875 0.3402777921875 0.16113284218749999 0.5231481796875 0 0.664351846875 0.0009765921875 0.7685185140625 0.8603515921874999 1 1 1
4 0.86796875 0.63515625 0.053125 0.18828125
4 0.60859375 0.47109375 0.05234375 0.14140625
4 0.56875 0.33984375 0.025 0.121875
4 0.51640625 0.3734375 0.04140625 0.109375
4 0.48828125 0.53828125 0.059375 0.13671875
4 0.41328125 0.53984375 0.05 0.1328125
4 0.36328125 0.50234375 0.03671875 0.134375
5 0.44375 0.2875 0.01875 0.10078125
3 0.2359375 0.43515625 0.03515625 0.13515625
2 0.2223307203125 0.317129625 0.1949869703125 0.3125000140625 0.11816409218749999 0.37268518125 0.10904947031250001 0.508101846875 0.1624349046875 0.520833346875 0.2288411546875 0.469907403125 0.2223307203125 0.317129625
4 0.590625 0.67890625 0.0609375 0.20234375
5 0.56484375 0.8109375 0.05 0.20234375
4 0.13828125 0.81015625 0.040625 0.153125
0 0.46875 0.51015625 0.01484375 0.03125