1 1 0.442129625 0.3824869703125 0.33796295781249996 0 0.6828704015625 0 0.8680556218750001 0.4462890921875 0.976851846875 0.5335287156249999 1 1 0.9953704015625 1 0.442129625
4 0.95390625 0.65859375 0.06484375 0.20625
4 0.51640625 0.88359375 0.046875 0.209375
4 0.52734375 0.5203125 0.02734375 0.18125
4 0.3296875 0.5078125 0.040625 0.18359375
4 0.4484375 0.42109375 0.034375 0.1625
4 0.33515625 0.3828125 0.03671875 0.1140625
4 0.20078125 0.57734375 0.03828125 0.18359375
4 0.59453125 0.490625 0.0453125 0.1625
4 0.66640625 0.32890625 0.0328125 0.134375
3 0.253125 0.46484375 0.05234375 0.14921875
5 0.9078125 0.33828125 0.040625 0.153125
2 0.1350911546875 0.37268518125 0.1422525953125 0.554976846875 0.2197265921875 0.48379629218750003 0.2145182203125 0.31481484531250004 0.1350911546875 0.37268518125