1 0 1 0.12467447031250001 0.9953704015625 0.490559965625 0.90451395625 1 0.8009259562500001 0.9977213453125 0.633101846875 0.72233071875 0.379629625 0 0.476851846875 0 1
2 0.8681640921874999 0.37268518125 0.857747465625 0.5023148453124999 0.916341215625 0.5578704015625 0.963216215625 0.5462962921875001 0.955403715625 0.42361112500000003 0.885091215625 0.3703704015625 0.8681640921874999 0.37268518125
4 0.60859375 0.559375 0.0375 0.14140625
0 0.35078125 0.59921875 0.0140625 0.03671875
4 0.3953125 0.58671875 0.02890625 0.12734375
4 0.36875 0.48125 0.03828125 0.10625
4 0.16875 0.5390625 0.04140625 0.1109375
4 0.5296875 0.509375 0.0171875 0.115625
4 0.5484375 0.50859375 0.01640625 0.11640625
4 0.725 0.49453125 0.01328125 0.13203125
4 0.75 0.50234375 0.0328125 0.134375
3 0.8265625 0.48046875 0.03984375 0.11796875
5 0.4375 0.83125 0.0484375 0.1703125
5 0.13046875 0.921875 0.078125 0.15546875