1 0.3525390921875 1 0.7288412156249999 0.884259290625 1 0.82638895625 0.9996744703125 0.6747685140625 0.849934965625 0.54166668125 0.62858071875 0.3472222359375 0.2119140921875 0.407407403125 0 0.4398148453125 0 1 0.3447265921875 1 0.3525390921875 1
4 0.56171875 0.89453125 0.046875 0.19296875
4 0.08203125 0.496875 0.04609375 0.09453125
4 0.28828125 0.396875 0.05078125 0.090625
4 0.4046875 0.5234375 0.03984375 0.1421875
4 0.421875 0.503125 0.025 0.17421875
4 0.54921875 0.5359375 0.05625 0.11328125
4 0.71328125 0.553125 0.0328125 0.153125
4 0.6953125 0.4859375 0.025 0.14375
3 0.72734375 0.48359375 0.03125 0.0890625
2 0.8082682203125 0.31481484531250004 0.77701821875 0.32407406875 0.7718099656249999 0.47453706875 0.853841215625 0.5439815125 0.9147135328125 0.539351846875 0.892903715625 0.504629625 0.888997465625 0.3750000140625 0.8082682203125 0.31481484531250004
5 0.64453125 0.284375 0.0234375 0.11171875
5 0.2390625 0.89765625 0.0625 0.1953125
4 0.2796875 0.83671875 0.0953125 0.15078125
0 0.78828125 0.42734375 0.01953125 0.03359375