1 1 0.594907403125 0.9996744703125 0.582754625 0.7249349656249999 0.333333346875 0.0009765921875 0.42129629218750003 0 0.9745370687499999 0.11425784218749999 0.946759290625 0.43196615625 0.8680556218750001 0.6884765921875 0.8148148453124999 1 0.7569445109374999 1 0.594907403125
3 0.82578125 0.434375 0.03828125 0.1171875
4 0.5296875 0.40078125 0.0265625 0.096875
4 0.44296875 0.60859375 0.0484375 0.13515625
4 0.22578125 0.740625 0.0453125 0.1625
4 0.23828125 0.4328125 0.03828125 0.12109375
4 0.5890625 0.58203125 0.03671875 0.1234375
4 0.6234375 0.5296875 0.025 0.12109375
4 0.40625 0.325 0.040625 0.0953125
4 0.51953125 0.76484375 0.0328125 0.07265625
5 0.25625 0.83671875 0.06015625 0.1921875
5 0.91328125 0.75390625 0.04453125 0.17265625
4 0.74296875 0.8234375 0.0375 0.14453125
4 0.35078125 0.43203125 0.0453125 0.1125
2 0.8876953421874999 0.31018518125 0.8629557203125 0.328703734375 0.861653715625 0.446759290625 0.928059965625 0.504629625 0.9772135328125 0.492476846875 0.9619140921874999 0.48379629218750003 0.9606119703125 0.3657407359375 0.8876953421874999 0.31018518125