1 1 0.46469906875 0.3772786546875 0.37268518125 0.03352865625 0.6944445109374999 0.65201821875 0.8564815125 1 0.9583334000000001 1 0.46469906875
4 0.68984375 0.67890625 0.05 0.17890625
4 0.4765625 0.4734375 0.0484375 0.10390625
4 0.4265625 0.6203125 0.07265625 0.10234375
4 0.34375 0.65234375 0.05390625 0.1078125
4 0.284375 0.57578125 0.04296875 0.09765625
4 0.3375 0.49296875 0.02734375 0.09765625
4 0.5078125 0.40546875 0.03125 0.07265625
4 0.09609375 0.584375 0.025 0.128125
5 0.984375 0.9234375 0.03125 0.153125
5 0.8875 0.3765625 0.0296875 0.0984375
5 0.03203125 0.63515625 0.0390625 0.13671875
2 0.2509765921875 0.3564815125 0.1975911546875 0.40046295781249996 0.19628909218749999 0.5023148453124999 0.18457034218749999 0.5069444578125 0.2223307203125 0.5185185140625 0.2757161546875 0.48379629218750003 0.2666015921875 0.36342595625 0.2509765921875 0.3564815125
3 0.25078125 0.46953125 0.0390625 0.10703125
3 0.9546875 0.64609375 0.04296875 0.1515625