1 0.3681640921875 0.8310185140625 0.63248696875 0.9004629578125 1 1 0.9967447828125 0.4594907359375 0.3186849046875 0.37268518125 0.0009765921875 0.664351846875 0 0.7569445109374999 0.3681640921875 0.8310185140625
4 0.86875 0.66875 0.03984375 0.16171875
4 0.89140625 0.5578125 0.04140625 0.11640625
4 0.62890625 0.4890625 0.03046875 0.11484375
4 0.575 0.6859375 0.046875 0.146875
4 0.5921875 0.43046875 0.02890625 0.13984375
4 0.35 0.45859375 0.040625 0.1015625
4 0.26171875 0.56171875 0.040625 0.11328125
4 0.29609375 0.53671875 0.04296875 0.10234375
5 0.68359375 0.83203125 0.03125 0.17890625
5 0.3734375 0.3359375 0.03203125 0.07890625
2 0.1702474046875 0.3587962921875 0.10384115468749999 0.40046295781249996 0.10384115468749999 0.513888903125 0.0986328421875 0.532407403125 0.1363932203125 0.535879625 0.2001953421875 0.48842595624999996 0.1910807203125 0.3657407359375 0.1702474046875 0.3587962921875