1 0.09212240625 0.9953704015625 0.3837890921875 0.9189815125 0.9996744703125 0.78703706875 0.9977213453125 0.6400462921875001 0.6897787156249999 0.35416668125 0 0.45601851406250005 0.0022786546875000003 1 0.09212240625 0.9953704015625
4 0.50546875 0.58203125 0.04609375 0.15078125
4 0.225 0.77421875 0.05 0.1921875
4 0.32890625 0.47890625 0.0453125 0.121875
4 0.40625 0.4609375 0.04375 0.1421875
4 0.46171875 0.421875 0.0296875 0.109375
4 0.64453125 0.45625 0.02265625 0.1328125
4 0.1078125 0.41796875 0.034375 0.11796875
4 0.12890625 0.3640625 0.03046875 0.1046875
5 0.9640625 0.71796875 0.0453125 0.17109375
3 0.7984375 0.4578125 0.03046875 0.065625
2 0.8629557203125 0.33796295781249996 0.8356119703125 0.3472222359375 0.826497465625 0.4722222359375 0.8942057203125 0.53703706875 0.9488932203125 0.532407403125 0.935872465625 0.5277777921875 0.9332682203125 0.391203734375 0.8629557203125 0.33796295781249996