1 1 0.397222221875 0.721875 0.41111111093749997 0 0.42222222187499997 0.003125 0.897222221875 0.525 0.852777778125 1 0.847222221875 1 0.397222221875
4 0.2296875 0.39296875 0.03125 0.0640625
4 0.3953125 0.575 0.046875 0.1
4 0.415625 0.45390625 0.0375 0.08046875
4 0.26015625 0.58046875 0.0359375 0.128125
4 0.24609375 0.75 0.0359375 0.121875
0 0.25703125 0.7421875 0.01484375 0.01953125
5 0.09609375 0.81171875 0.05546875 0.15078125
4 0.31953125 0.721875 0.04140625 0.11875
4 0.7734375 0.465625 0.02421875 0.1015625
4 0.74375 0.42890625 0.02578125 0.09921875
4 0.81328125 0.84296875 0.0359375 0.1625
5 0.76640625 0.35703125 0.0265625 0.0796875
5 0.384375 0.87578125 0.04765625 0.153125