1 1 0.457754625 0.3590494703125 0.3703704015625 0.2132161546875 0.49768518124999994 0 0.696759290625 0.00618490625 0.71527784375 0.4111328421875 0.8101851812499999 0.6455078421875 0.8703704015625 1 0.9745370687499999 1 0.457754625
4 0.6265625 0.75859375 0.04296875 0.16796875
4 0.47109375 0.62734375 0.04453125 0.134375
4 0.57734375 0.47578125 0.0375 0.12265625
4 0.22890625 0.56484375 0.03125 0.10625
4 0.30703125 0.71015625 0.02890625 0.1578125
4 0.0234375 0.615625 0.025 0.1390625
4 0.6890625 0.39296875 0.03515625 0.0890625
3 0.24375 0.45625 0.03046875 0.096875
3 0.9171875 0.64140625 0.0375 0.17578125
5 0.9453125 0.9046875 0.0484375 0.190625
5 0.89375 0.359375 0.02109375 0.11015625
2 0.2184244703125 0.3472222359375 0.15332034218749999 0.395833346875 0.1546224046875 0.504629625 0.14550784218749999 0.51157406875 0.1871744703125 0.5219907359375 0.2470703421875 0.4722222359375 0.2327474046875 0.3587962921875 0.2184244703125 0.3472222359375
0 0.61875 0.80859375 0.01484375 0.03515625