1 0.3121744703125 0.8634259562500001 0.69108071875 0.7500000671875 0.9156900953125 0.688657403125 0.56608071875 0.37731484531250004 0 0.469907403125 0.0022786546875000003 0.9699074031249999 0.3121744703125 0.8634259562500001
4 0.7625 0.59453125 0.0375 0.12109375
4 0.6015625 0.5390625 0.028125 0.125
4 0.58203125 0.5 0.03046875 0.1015625
4 0.51875 0.48515625 0.02109375 0.1078125
4 0.63359375 0.409375 0.0234375 0.09375
2 0.6962890921875 0.35416668125 0.6728515921875 0.361111125 0.6728515921875 0.469907403125 0.7275390921875 0.5231481796875 0.76334634375 0.5133101812499999 0.7548828421875 0.48842595624999996 0.7522787156249999 0.3981481796875 0.6962890921875 0.35416668125
3 0.68984375 0.4640625 0.02890625 0.109375
5 0.5890625 0.3328125 0.021875 0.09765625
4 0.36875 0.81875 0.04765625 0.190625
4 0.58203125 0.80390625 0.03828125 0.1375
4 0.85546875 0.73203125 0.028125 0.128125
4 0.90078125 0.6484375 0.05234375 0.1421875
4 0.6609375 0.4390625 0.0234375 0.0703125