1 0 0.9675926234375 0.0947265921875 0.942129625 0.43717446875 0.8564815125 0.6780599656249999 0.8032407359375 1 0.73842595625 0.9967447828125 0.5966435140625 0.69889321875 0.321759290625 0 0.4189815125 0 0.9675926234375
4 0.671875 0.66640625 0.0515625 0.15703125
4 0.48828125 0.64453125 0.040625 0.14140625
4 0.51875 0.42109375 0.0265625 0.12109375
4 0.38125 0.46640625 0.03984375 0.128125
4 0.38984375 0.721875 0.05 0.15703125
4 0.175 0.48828125 0.0453125 0.10625
4 0.65234375 0.54453125 0.040625 0.10078125
2 0.8234375 0.43515625 0.02890625 0.1390625
4 0.2625 0.3328125 0.03359375 0.08359375
2 0.861653715625 0.30555556875 0.8369140921874999 0.321759290625 0.8277994703125 0.43750001406249994 0.8916015921874999 0.49768518124999994 0.947591215625 0.5000000140624999 0.9345703421874999 0.476851846875 0.9345703421874999 0.361111125 0.861653715625 0.30555556875
5 0.31796875 0.81875 0.05859375 0.2046875
5 0.9 0.76484375 0.0484375 0.18359375