1 0.3802083421875 0.9994212921875001 1 1 0.9986979078125 0.4971065125 0.3346354078125 0.395254625 0.00520834375 0.6938657359375 0.0013020937499999999 0.9114584000000001 0.3802083421875 0.9994212921875001
4 0.74765625 0.675 0.07421875 0.2015625
4 0.690625 0.54453125 0.0578125 0.128125
4 0.6609375 0.3953125 0.0296875 0.12578125
4 0.5828125 0.4375 0.03671875 0.14375
4 0.60078125 0.3484375 0.01953125 0.1140625
4 0.40859375 0.53203125 0.03671875 0.1390625
4 0.4078125 0.43984375 0.02421875 0.0609375
4 0.25234375 0.5046875 0.0515625 0.1390625
3 0.1828125 0.54609375 0.08203125 0.06953125
4 0.565625 0.90546875 0.0640625 0.16953125
4 0.64609375 0.94765625 0.05859375 0.1046875
4 0.59609375 0.940625 0.04453125 0.11875
2 0.1419270921875 0.367476846875 0.05598959375 0.43229168125 0.05208334375 0.55266206875 0.04557290625 0.592013903125 0.09635415625 0.610532403125 0.1783854078125 0.5457176234375 0.1731770921875 0.3813657359375 0.1419270921875 0.367476846875