1 0.5569662156249999 1 1 0.9953704015625 0.9996744703125 0.45601851406250005 0.3850911546875 0.3587962921875 0 0.7083334 0.0009765921875 0.851851846875 0.5569662156249999 1
4 0.73828125 0.7171875 0.059375 0.2
4 0.515625 0.50703125 0.040625 0.14375
4 0.484375 0.41875 0.0671875 0.075
4 0.7578125 0.3921875 0.03828125 0.10859375
4 0.54765625 0.32734375 0.0421875 0.0953125
0 0.55 0.39375 0.01953125 0.0359375
4 0.353125 0.490625 0.04609375 0.13515625
4 0.39453125 0.50546875 0.04375 0.15078125
3 0.2375 0.45234375 0.02890625 0.159375
5 0.88515625 0.34921875 0.03125 0.134375
2 0.2171224046875 0.3356481796875 0.1975911546875 0.3356481796875 0.11165365468749999 0.391203734375 0.11165365468749999 0.5578704015625 0.1520182203125 0.576388903125 0.2288411546875 0.504629625 0.2171224046875 0.3356481796875