1 1 0.42361112500000003 0.08040365625 0.35416668125 0 0.4398148453125 0.0022786546875000003 0.8587962921875001 0.73795571875 0.9351851812499999 1 0.9814815125 1 0.42361112500000003
4 0.67109375 0.53046875 0.034375 0.128125
4 0.56171875 0.52265625 0.05078125 0.13984375
4 0.4828125 0.46796875 0.04453125 0.1203125
4 0.415625 0.63125 0.04609375 0.14921875
4 0.18984375 0.45234375 0.04140625 0.13203125
4 0.22265625 0.4296875 0.028125 0.12265625
4 0.86328125 0.35234375 0.0234375 0.109375
5 0.7453125 0.3328125 0.03515625 0.1078125
5 0.58828125 0.9 0.04453125 0.15859375
5 0.06875 0.78671875 0.04453125 0.18984375
4 0.634375 0.8015625 0.06171875 0.17890625