1 1 1 0.9996744703125 0.5063657359375 0.3616536546875 0.40046295781249996 0 0.7569445109374999 0 0.8935185140625 0.4462890921875 1 1 1
4 0.53203125 0.6421875 0.04921875 0.178125
4 0.4828125 0.73203125 0.04453125 0.184375
4 0.47578125 0.5125 0.05 0.146875
4 0.40234375 0.565625 0.03046875 0.1421875
4 0.43046875 0.56328125 0.0375 0.16953125
4 0.38046875 0.4828125 0.04140625 0.13671875
4 0.34375 0.43671875 0.0203125 0.12734375
4 0.3734375 0.3734375 0.01875 0.109375
5 0.7171875 0.396875 0.03671875 0.13203125
5 0.6921875 0.9515625 0.04296875 0.096875
3 0.259375 0.49921875 0.05546875 0.14140625
2 0.18457034218749999 0.379629625 0.09993490625 0.442129625 0.10514322031250001 0.567129625 0.09212240625 0.594907403125 0.1429036546875 0.6111111250000001 0.2184244703125 0.539351846875 0.2145182203125 0.391203734375 0.18457034218749999 0.379629625