1 1 0.45081018124999994 0.3902994703125 0.34953706875 0 0.703703734375 0.0009765921875 0.879629625 0.459309965625 1 1 0.9976851812499999 1 0.45081018124999994
4 0.796875 0.75234375 0.0703125 0.23125
4 0.7453125 0.471875 0.065625 0.17109375
4 0.615625 0.475 0.040625 0.1703125
4 0.51484375 0.3921875 0.0421875 0.14609375
4 0.4734375 0.42890625 0.04453125 0.07734375
4 0.33125 0.53671875 0.05078125 0.1578125
4 0.28515625 0.5203125 0.04609375 0.17734375
4 0.60703125 0.32265625 0.05078125 0.12265625
5 0.9140625 0.33125 0.0328125 0.1328125
3 0.24609375 0.43984375 0.04375 0.16171875
2 0.2210286546875 0.326388903125 0.19628909218749999 0.32407406875 0.09993490625 0.391203734375 0.09928384375 0.5601851812499999 0.14160159218749999 0.5694444578125 0.2288411546875 0.5000000140624999 0.2210286546875 0.326388903125