1 0.9435456734375001 0.6955128203125 0.6544831734375001 0.427350428125 0.0012019234375 0.5032051281250001 0.0006370203125 0.90705128125 0.3948677875 0.809829059375 0.9435456734375001 0.6955128203125
4 0.09296875 0.6703125 0.02421875 0.1109375
5 0.18671875 0.8734375 0.03984375 0.13203125
4 0.31171875 0.53203125 0.015625 0.078125
4 0.3265625 0.5484375 0.01953125 0.090625
5 0.5046875 0.728125 0.03125 0.0953125
4 0.515625 0.65390625 0.01953125 0.08125
4 0.534375 0.778125 0.03125 0.1078125
4 0.615625 0.51640625 0.03125 0.08515625
4 0.67890625 0.4953125 0.02734375 0.08515625
3 0.8390625 0.61953125 0.0421875 0.07265625
4 0.9015625 0.6171875 0.01796875 0.071875
4 0.91953125 0.63203125 0.0265625 0.0953125
2 0.77578125 0.4828125 0.0765625 0.1390625
5 0.6515625 0.3921875 0.0171875 0.0640625