1 0.9879557203125 0.9699074031249999 0.9970703421874999 0.46296295781249996 0.3590494703125 0.37731484531250004 0 0.7129629578125 0.6689453421875 0.8750000671875 0.9879557203125 0.9699074031249999
4 0.69609375 0.59921875 0.046875 0.14375
4 0.4296875 0.628125 0.04375 0.1328125
4 0.259375 0.5734375 0.02265625 0.1484375
4 0.28828125 0.5984375 0.04453125 0.14140625
4 0.39765625 0.43984375 0.0265625 0.10234375
4 0.3 0.4875 0.0375 0.0765625
4 0.31484375 0.44453125 0.02890625 0.115625
5 0.7734375 0.37265625 0.0234375 0.10703125
5 0.98203125 0.91328125 0.0359375 0.1734375
2 0.2275390921875 0.361111125 0.1624349046875 0.40509262343749997 0.1637369703125 0.5069444578125 0.1507161546875 0.513888903125 0.1988932203125 0.5254629578125 0.2509765921875 0.47453706875 0.2444661546875 0.36342595625 0.2275390921875 0.361111125
3 0.2328125 0.4421875 0.02421875 0.1203125