1 1 0.45601851406250005 0.3512369703125 0.36805556875 0 0.6875000671875 0.0009765921875 0.7222222890625 0.40071615625 0.8078704015625 0.68326821875 0.8819445109374999 1 0.976851846875 1 0.45601851406250005
4 0.5640625 0.46328125 0.03515625 0.1109375
4 0.4765625 0.6171875 0.0390625 0.13515625
4 0.3125 0.4921875 0.040625 0.121875
4 0.2640625 0.56328125 0.034375 0.128125
4 0.3046875 0.7140625 0.0359375 0.17890625
4 0.65546875 0.7859375 0.08125 0.18359375
4 0.68359375 0.38359375 0.0328125 0.0984375
4 0.0578125 0.59921875 0.0421875 0.1203125
3 0.2375 0.45078125 0.03515625 0.09765625
3 0.91953125 0.62578125 0.03828125 0.15546875
5 0.90234375 0.890625 0.0359375 0.1859375
5 0.89921875 0.36796875 0.03984375 0.11171875
2 0.2132161546875 0.3472222359375 0.1507161546875 0.3935185140625 0.15332034218749999 0.504629625 0.1429036546875 0.51157406875 0.1832682203125 0.5185185140625 0.2379557203125 0.47453706875 0.2314453421875 0.3587962921875 0.2132161546875 0.3472222359375
0 0.6296875 0.840625 0.01875 0.0265625