1 1 0.438657403125 0.3499349046875 0.3402777921875 0.18847659218749999 0.47916668125 0 0.65277784375 0.0009765921875 0.8657407359375 0.4111328421875 0.9583334000000001 0.5595703421875 1 1 0.9976851812499999 1 0.438657403125
4 0.8640625 0.6296875 0.07265625 0.18984375
4 0.490625 0.88203125 0.05546875 0.21328125
4 0.48046875 0.3640625 0.046875 0.11484375
4 0.52265625 0.38203125 0.04296875 0.08828125
4 0.34921875 0.2859375 0.040625 0.1140625
4 0.32734375 0.47734375 0.05 0.15546875
4 0.390625 0.428125 0.0546875 0.1390625
4 0.3609375 0.45 0.0484375 0.146875
4 0.33125 0.375 0.034375 0.115625
3 0.23359375 0.44453125 0.06640625 0.1296875
5 0.725 0.3203125 0.040625 0.14609375
5 0.69453125 0.928125 0.05 0.14375
2 0.09993490625 0.379629625 0.10611978281250001 0.5619212921875001 0.1858724046875 0.48611112500000003 0.1819661546875 0.32407406875 0.09993490625 0.379629625
0 0.34921875 0.3375 0.01953125 0.0234375