1 1 0.4907407359375 0.8720703421874999 0.3703704015625 0.0035807187499999997 0.4398148453125 0 0.95138895625 0.5634765921875 0.8657407359375 0.8916015921874999 0.8310185140625 1 0.8194445109374999 1 0.4907407359375
4 0.62265625 0.76640625 0.0328125 0.184375
4 0.68046875 0.64609375 0.02578125 0.1515625
4 0.77421875 0.46328125 0.0234375 0.125
4 0.8375 0.45234375 0.025 0.13203125
4 0.70625 0.4390625 0.0296875 0.1125
4 0.52578125 0.4296875 0.025 0.1078125
4 0.14375 0.43984375 0.0296875 0.1203125
0 0.16328125 0.4890625 0.01171875 0.02578125
5 0.4078125 0.81796875 0.06875 0.184375
4 0.43203125 0.35390625 0.0265625 0.08359375
3 0.91015625 0.47421875 0.03828125 0.12578125
5 0.728125 0.31328125 0.02421875 0.090625