1 1 0.4814815125 0.9996744703125 0.48032406875 0.3486328421875 0.379629625 0 0.7083334 0 0.8101851812499999 0.4072265921875 0.90277784375 0.7705078421875 1 1 0.9953704015625 1 0.4814815125
4 0.634375 0.65546875 0.03046875 0.17578125
4 0.596875 0.509375 0.0296875 0.10625
4 0.6375 0.484375 0.03125 0.109375
4 0.41796875 0.5328125 0.040625 0.1328125
4 0.50625 0.41171875 0.0328125 0.08828125
4 0.4609375 0.4265625 0.03828125 0.10078125
4 0.234375 0.5234375 0.03125 0.1421875
4 0.265625 0.5125 0.04609375 0.11953125
3 0.23125 0.43515625 0.0296875 0.065625
2 0.1910807203125 0.361111125 0.11425784218749999 0.41666668125 0.11165365468749999 0.5300926234375 0.10253909218749999 0.5462962921875001 0.1500650953125 0.57407406875 0.2158203421875 0.51157406875 0.2093099046875 0.3657407359375 0.1910807203125 0.361111125
4 0.50546875 0.8390625 0.05625 0.19296875
4 0.6140625 0.9046875 0.05703125 0.190625
4 0.56484375 0.9 0.0515625 0.2