1 0 0.8935185140625 0.3304036546875 0.84027784375 0.5712890921875 0.8078704015625 0.8590494703125 0.77777784375 0.998372465625 0.766203734375 0.9996744703125 0.5150462921875001 0.842122465625 0.361111125 0.3056640921875 0.407407403125 0 0.42129629218750003 0 0.8935185140625
4 0.55546875 0.725 0.0546875 0.1703125
4 0.48359375 0.409375 0.034375 0.09375
4 0.6 0.42578125 0.028125 0.10234375
4 0.63046875 0.45234375 0.02265625 0.1
4 0.38515625 0.36015625 0.03125 0.090625
4 0.83515625 0.421875 0.02734375 0.07734375
4 0.85234375 0.41875 0.0296875 0.1125
3 0.91171875 0.45703125 0.03515625 0.1234375
3 0.1609375 0.5125 0.02578125 0.1234375
4 0.4046875 0.54765625 0.025 0.121875
5 0.31953125 0.78125 0.05 0.1640625
5 0.45 0.8578125 0.046875 0.178125
5 0.73046875 0.30859375 0.0234375 0.07265625
2 0.9957682203125 0.351851846875 0.9697265921874999 0.361111125 0.9615885328125 0.476851846875 0.998372465625 0.5231481796875 0.994466215625 0.3819444578125 0.9957682203125 0.351851846875