1 0.09602865625 0.9953704015625 0.4462890921875 0.90277784375 1 0.7800926234375 0.9996744703125 0.6435185140625 0.6936849656249999 0.361111125 0.0009765921875 0.453703734375 0 1 0.09602865625 0.9953704015625
4 0.67421875 0.46796875 0.025 0.19765625
4 0.70546875 0.46796875 0.040625 0.134375
4 0.5640625 0.5484375 0.03828125 0.14375
4 0.4765625 0.45234375 0.0328125 0.14140625
4 0.41015625 0.42890625 0.0234375 0.11953125
4 0.16953125 0.4640625 0.040625 0.1328125
4 0.1234375 0.62578125 0.05625 0.14609375
4 0.22578125 0.71015625 0.0578125 0.16796875
3 0.8078125 0.47734375 0.03515625 0.08125
5 0.184375 0.365625 0.0453125 0.1109375
2 0.8525390921874999 0.33796295781249996 0.8291015921874999 0.351851846875 0.8238932203125 0.4814815125 0.8902994703125 0.539351846875 0.9391275953125 0.52719906875 0.9254557203125 0.516203734375 0.9306640921874999 0.391203734375 0.8525390921874999 0.33796295781249996