1 1 0.3310185140625 0.3069661546875 0.34953706875 0.3121744703125 0.8240740687500001 1 0.8101851812499999 1 0.3310185140625
4 0.8875 0.37109375 0.04140625 0.1703125
4 0.68828125 0.43359375 0.046875 0.1703125
4 0.84453125 0.3734375 0.053125 0.16484375
4 0.58125 0.33828125 0.02890625 0.146875
4 0.61328125 0.315625 0.0359375 0.13671875
4 0.440625 0.45703125 0.065625 0.17890625
0 0.5609375 0.3796875 0.01328125 0.028125
2 0.2639974046875 0.2847222359375 0.2600911546875 0.3402777921875 0.2613932203125 0.5254629578125 0.2405599046875 0.54166668125 0.2340494703125 0.5578704015625 0.3121744703125 0.5619212921875001 0.3082682203125 0.37268518125 0.3134765921875 0.28009262343749997 0.2639974046875 0.2847222359375
5 0.24375 0.28671875 0.03828125 0.16171875
3 0.34453125 0.41796875 0.04921875 0.2015625