1 0.3902994703125 1 1 0.9953704015625 0.9977213453125 0.4594907359375 0.3577474046875 0.35416668125 0.0009765921875 0.6689815125 0.0022786546875000003 0.9097222890625 0.3902994703125 1
4 0.79296875 0.746875 0.059375 0.215625
4 0.76953125 0.48515625 0.059375 0.16328125
4 0.653125 0.49375 0.04921875 0.1515625
4 0.53828125 0.34453125 0.0375 0.1484375
4 0.4671875 0.38515625 0.040625 0.1703125
4 0.3625 0.53046875 0.0421875 0.15625
4 0.2578125 0.51953125 0.0359375 0.16953125
3 0.21328125 0.44765625 0.02890625 0.1640625
5 0.8921875 0.334375 0.03046875 0.1375
0 0.45390625 0.43359375 0.015625 0.03125
2 0.1858724046875 0.344907403125 0.1507161546875 0.3194444578125 0.05826821875 0.391203734375 0.06315103125 0.567129625 0.10253909218749999 0.576388903125 0.1871744703125 0.513888903125 0.1858724046875 0.344907403125