1 0 1 0.04524740625 0.9930556218750001 0.4345703421875 0.9004629578125 0.998372465625 0.7939815125 0.9977213453125 0.5532407359375 0.7509765921875 0.3194444578125 0 0.414351846875 0 1
5 0.26640625 0.93359375 0.053125 0.1328125
5 0.265625 0.82265625 0.0390625 0.12265625
4 0.5390625 0.640625 0.0609375 0.18203125
4 0.159375 0.4203125 0.02109375 0.13671875
4 0.49921875 0.36796875 0.03671875 0.115625
4 0.6125 0.3734375 0.03515625 0.06796875
4 0.64296875 0.35703125 0.0265625 0.11484375
4 0.65625 0.33125 0.0328125 0.1109375
4 0.7515625 0.4890625 0.0328125 0.10078125
4 0.7359375 0.390625 0.06328125 0.0703125
3 0.84765625 0.3859375 0.04609375 0.13046875
2 1 0.3657407359375 0.9267578421874999 0.3078704015625 0.9033203421874999 0.3194444578125 0.8955078421874999 0.45833334687500005 0.9684244703125 0.5185185140625 1 0.5069444578125 1 0.3657407359375
5 0.7578125 0.2546875 0.0234375 0.12109375