1 0.8873697828125 1 0.810872465625 0.583333346875 0.72623696875 0.15509259687500002 0.467122465625 0.1435185140625 0.12597659218749999 0.14814815312500001 0.07259115625 0.41666668125 0.0009765921875 0.8125000671875 0 1 0.8873697828125 1
4 0.56796875 0.7890625 0.0640625 0.13046875
4 0.32265625 0.4765625 0.0421875 0.05546875
4 0.33984375 0.44453125 0.0359375 0.06015625
4 0.45703125 0.4203125 0.028125 0.10859375
4 0.4671875 0.38515625 0.0265625 0.09140625
4 0.26875 0.3328125 0.04453125 0.08359375
4 0.4125 0.2421875 0.03203125 0.1078125
3 0.42265625 0.13984375 0.0421875 0.07265625
4 0.08203125 0.33125 0.03046875 0.09296875
0 0.3046875 0.6546875 0.025 0.0328125
2 0.3746744703125 0.053240735937500006 0.3863932203125 0.13657406875 0.48014321875 0.1469907359375 0.4892578421875 0.0625000140625 0.490559965625 0.0254629578125 0.3772786546875 0.020833346875 0.3746744703125 0.053240735937500006
5 0.74609375 0.15390625 0.02890625 0.1