1 1 0.60532406875 0.78483071875 0.40509262343749997 0.7236328421875 0.3472222359375 0.0035807187499999997 0.442129625 0 1 0.08821615625 0.9930556218750001 1 0.7916667328125 1 0.60532406875
3 0.80625 0.459375 0.03046875 0.128125
4 0.72578125 0.41875 0.0265625 0.10234375
4 0.7515625 0.434375 0.025 0.12265625
4 0.66328125 0.4359375 0.0375 0.11953125
4 0.61875 0.4234375 0.03203125 0.11171875
4 0.56796875 0.6375 0.03828125 0.14140625
4 0.38671875 0.44921875 0.04296875 0.125
5 0.2375 0.87265625 0.05234375 0.20859375
4 0.61640625 0.7609375 0.0453125 0.190625
3 0.1734375 0.503125 0.0515625 0.10859375
5 0.625 0.30234375 0.0234375 0.08125
4 0.2734375 0.37578125 0.0359375 0.09609375
2 0.9254557203125 0.53703706875 0.9345703421874999 0.388888903125 0.865559965625 0.3356481796875 0.8603515921874999 0.47453706875 0.9254557203125 0.53703706875