1 1 0.45254629218750003 0.2470703421875 0.3564815125 0 0.5902777921875 0 0.8425926234375 0.3330078421875 0.90277784375 0.5986328421875 0.9606481796875 0.7600912156249999 1 1 1 1 0.45254629218750003
4 0.88203125 0.56796875 0.034375 0.16875
4 0.790625 0.48671875 0.0328125 0.1375
4 0.759375 0.76640625 0.05390625 0.20390625
4 0.50390625 0.528125 0.06171875 0.1296875
4 0.51640625 0.44375 0.04140625 0.1078125
4 0.453125 0.49296875 0.040625 0.153125
4 0.4234375 0.49609375 0.04375 0.1421875
4 0.37890625 0.54375 0.040625 0.134375
3 0.10546875 0.45859375 0.05625 0.115625
5 0.4828125 0.33828125 0.0421875 0.10546875
2 0 0.5462962921875001 0.0244140921875 0.55555556875 0.0986328421875 0.48379629218750003 0.0869140921875 0.3472222359375 0.0595703421875 0.3402777921875 0 0.388888903125 0 0.5462962921875001