1 0 1 0.1624349046875 0.9976851812499999 0.2744140921875 0.9606481796875 0.6702474656249999 0.84027784375 0.9957682203125 0.759259290625 0.9899088453125 0.7285879578125 0.78873696875 0.53703706875 0.59342446875 0.36342595625 0 0.45833334687500005 0 1
4 0.659375 0.48359375 0.0453125 0.14453125
4 0.2703125 0.6375 0.0296875 0.15546875
4 0.459375 0.37578125 0.01875 0.1
4 0.609375 0.375 0.0203125 0.115625
4 0.5921875 0.32421875 0.01875 0.096875
4 0.51640625 0.4203125 0.046875 0.053125
4 0.56171875 0.41171875 0.0484375 0.05703125
4 0.5890625 0.8171875 0.0578125 0.20390625
2 0.7548828421875 0.33796295781249996 0.73014321875 0.344907403125 0.7236328421875 0.4814815125 0.79264321875 0.5347222359375 0.8444010328125 0.5150462921875001 0.8277994703125 0.4953704015625 0.826497465625 0.391203734375 0.7548828421875 0.33796295781249996
5 0.28125 0.35234375 0.025 0.11953125
4 0.95234375 0.5984375 0.0375 0.14609375