1 1 0.45138890312499996 0.3759765921875 0.35416668125 0 0.7060185140625 0 0.8194445109374999 0.2340494703125 0.8703704015625 0.7431640921875 1 1 0.9953704015625 1 0.45138890312499996
4 0.89609375 0.65390625 0.05390625 0.18359375
4 0.64375 0.39921875 0.0265625 0.12265625
4 0.42578125 0.55078125 0.03671875 0.14375
4 0.38359375 0.565625 0.05703125 0.09453125
3 0.34765625 0.42265625 0.02265625 0.11328125
4 0.39296875 0.3984375 0.034375 0.1484375
4 0.409375 0.44453125 0.02890625 0.115625
4 0.321875 0.42109375 0.0265625 0.13515625
5 0.42265625 0.2890625 0.0234375 0.10703125
5 0.35390625 0.8078125 0.03125 0.18984375
2 0.2067057203125 0.328703734375 0.1285807203125 0.38657406875 0.1285807203125 0.5347222359375 0.1695963453125 0.539351846875 0.2366536546875 0.4907407359375 0.2301432203125 0.3402777921875 0.2067057203125 0.328703734375