1 0.0009765921875 0.6504629578125 0.0009765921875 0.8680556218750001 0.5530599656249999 0.9976851812499999 1 0.9953704015625 0.9977213453125 0.438657403125 0.3876953421875 0.344907403125 0.3473307203125 0.33796295781249996 0.1910807203125 0.476851846875 0.0009765921875 0.6504629578125
4 0.4484375 0.53046875 0.0453125 0.1484375
4 0.44375 0.43046875 0.02890625 0.06015625
4 0.49140625 0.3703125 0.05078125 0.11640625
4 0.44765625 0.37578125 0.0421875 0.08203125
4 0.359375 0.38984375 0.046875 0.1140625
4 0.271875 0.4765625 0.05234375 0.13515625
4 0.3734375 0.284375 0.025 0.09765625
4 0.77265625 0.64765625 0.05859375 0.1859375
4 0.815625 0.94296875 0.04296875 0.1140625
5 0.74375 0.328125 0.0453125 0.13046875
5 0.31796875 0.88515625 0.046875 0.22890625
3 0.20625 0.43828125 0.034375 0.15546875
0 0.72265625 0.6765625 0.02265625 0.04921875
4 0.49140625 0.88515625 0.05234375 0.2296875
2 0.10384115468749999 0.37268518125 0.11100259531250001 0.548032403125 0.1871744703125 0.48379629218750003 0.1780599046875 0.317129625 0.10384115468749999 0.37268518125