1 0.9970703421874999 0.9629629578125 1 0.469907403125 0.3824869703125 0.37731484531250004 0.02962240625 0.69907406875 0.42805990625 0.8009259562500001 0.9970703421874999 0.9629629578125
4 0.690625 0.6375 0.03671875 0.146875
4 0.4234375 0.47421875 0.025 0.1125
4 0.36953125 0.63203125 0.0328125 0.14375
4 0.28515625 0.58046875 0.03828125 0.13046875
4 0.3203125 0.59921875 0.03046875 0.12578125
4 0.33359375 0.47890625 0.03515625 0.1015625
4 0.37265625 0.440625 0.02265625 0.10859375
4 0.209375 0.534375 0.0265625 0.11171875
2 0.2509765921875 0.3564815125 0.1897786546875 0.40509262343749997 0.1897786546875 0.513888903125 0.2275390921875 0.513888903125 0.2731119703125 0.47916668125 0.2705078421875 0.3657407359375 0.2509765921875 0.3564815125
3 0.24453125 0.4765625 0.0328125 0.08828125
5 0.03515625 0.64140625 0.03125 0.134375
5 0.98515625 0.921875 0.0296875 0.15546875
5 0.84921875 0.38203125 0.02734375 0.09765625