1 0 0.798611178125 0.2366536546875 0.8425926234375 0.7666015921875 0.9976851812499999 1 0.9930556218750001 0.9977213453125 0.445601846875 0.3876953421875 0.351851846875 0 0.70138895625 0 0.798611178125
4 0.93203125 0.65703125 0.040625 0.18671875
4 0.6234375 0.3890625 0.025 0.1296875
4 0.475 0.4609375 0.03984375 0.1421875
4 0.45 0.5828125 0.0375 0.153125
4 0.3765625 0.5609375 0.07421875 0.06328125
4 0.4328125 0.39453125 0.0421875 0.14140625
4 0.36328125 0.4328125 0.0328125 0.10625
3 0.3140625 0.44296875 0.03828125 0.0859375
5 0.3984375 0.28203125 0.03046875 0.1109375
5 0.40234375 0.79921875 0.04609375 0.19765625
2 0.2054036546875 0.32407406875 0.1350911546875 0.384259290625 0.13378909218749999 0.5254629578125 0.1735025953125 0.5289351812499999 0.2444661546875 0.47453706875 0.2340494703125 0.33796295781249996 0.2054036546875 0.32407406875