1 1 0.40393518124999994 0.5947265921875 0.36342595625 0.2275390921875 0.3125000140625 0.0869140921875 0.442129625 0 0.5254629578125 0.0009765921875 0.8287037343750001 0.3108724046875 0.8865740687500001 0.6038412156249999 0.9444445109374999 0.806966215625 0.9953704015625 1 0.9976851812499999 1 0.40393518124999994
4 0.95859375 0.43359375 0.04609375 0.14609375
4 0.95546875 0.4390625 0.03828125 0.15390625
4 0.8015625 0.6796875 0.04140625 0.15546875
4 0.64453125 0.74921875 0.0484375 0.1828125
4 0.7390625 0.44765625 0.0578125 0.1703125
4 0.3859375 0.871875 0.0375 0.23359375
4 0.109375 0.8234375 0.0390625 0.18671875
3 0.1453125 0.46796875 0.04765625 0.1703125
3 0.53359375 0.346875 0.0625 0.13515625
4 0.38203125 0.5171875 0.05078125 0.178125
2 0 0.5254629578125 0.07779946875 0.44907406875 0.06868490625 0.30092595625 0 0.35416668125 0 0.5254629578125
5 0.65625 0.8984375 0.065625 0.203125
5 0.3375 0.840625 0.0640625 0.2265625
4 0.38515625 0.3828125 0.06171875 0.1
5 0.91171875 0.31796875 0.05390625 0.15546875