1 0.9984375 0.872222221875 0.996875 0.41111111093749997 0.9828125 0.41944444374999995 0.1078125 0.36944444375 0.0046875 0.46944444374999994 0.0015625 0.7833333328125 0.9984375 0.872222221875
3 0.034375 0.48671875 0.025 0.1125
4 0.3984375 0.49765625 0.015625 0.1109375
4 0.21640625 0.5546875 0.02578125 0.12265625
4 0.23984375 0.625 0.03828125 0.12109375
4 0.5125 0.4203125 0.0171875 0.08828125
4 0.54765625 0.49453125 0.02578125 0.08984375
4 0.7484375 0.3765625 0.02890625 0.0859375
4 0.6140625 0.6921875 0.03125 0.13125
4 0.7015625 0.709375 0.0296875 0.13125
0 0.71484375 0.7609375 0.0109375 0.01875
5 0.82421875 0.78203125 0.02734375 0.1453125
5 0.84296875 0.8765625 0.03359375 0.17421875