1 1 0.442129625 0.2379557203125 0.3564815125 0.0009765921875 0.571759290625 0.0009765921875 0.8032407359375 0.3030599046875 0.8587962921875001 0.56608071875 0.9074074031249999 0.9501953421874999 1 1 1 1 0.442129625
4 0.646875 0.46015625 0.01875 0.10234375
4 0.53046875 0.4921875 0.0296875 0.13984375
4 0.45625 0.490625 0.02734375 0.1109375
4 0.55390625 0.771875 0.04453125 0.159375
4 0.45859375 0.67421875 0.05625 0.14140625
4 0.271875 0.44296875 0.0390625 0.11953125
4 0.296875 0.428125 0.0328125 0.10703125
3 0.13203125 0.4765625 0.034375 0.14453125
5 0.8 0.34609375 0.0265625 0.11328125
5 0.090625 0.74609375 0.03359375 0.184375
5 0.6390625 0.909375 0.04765625 0.18125
4 0.884375 0.3609375 0.02734375 0.11171875
2 0.06608071875 0.3310185140625 0.0009765921875 0.38657406875 0.0048828421875 0.5277777921875 0.03287759375 0.5497685140625 0.10384115468749999 0.4814815125 0.09342446875 0.3472222359375 0.06608071875 0.3310185140625
0 0.56015625 0.82734375 0.0171875 0.03984375