1 0.1858724046875 0.9490740687500001 0.9860025953125 0.7685185140625 0.6663412156249999 0.4722222359375 0.0009765921875 0.55092595625 0.0009765921875 1 0.1858724046875 0.9490740687500001
4 0.596875 0.6734375 0.02890625 0.09765625
4 0.51875 0.696875 0.02734375 0.1203125
4 0.5171875 0.503125 0.02734375 0.09453125
4 0.54921875 0.46484375 0.02109375 0.09765625
4 0.41640625 0.64921875 0.025 0.1328125
4 0.409375 0.57109375 0.034375 0.075
4 0.73984375 0.52578125 0.01171875 0.08359375
4 0.6609375 0.50703125 0.021875 0.07421875
4 0.65703125 0.46796875 0.0234375 0.0453125
5 0.434375 0.4625 0.03125 0.07890625
5 0.23828125 0.89296875 0.046875 0.18671875
5 0.4859375 0.81796875 0.040625 0.1328125
4 0.721875 0.7390625 0.02890625 0.090625
2 0.834309965625 0.4814815125 0.7861328421875 0.453703734375 0.7679037156249999 0.453703734375 0.7626953421875 0.55092595625 0.8134765921874999 0.601851846875 0.8561197828125 0.598379625 0.8486328421874999 0.583333346875 0.8434244703125 0.5023148453124999 0.834309965625 0.4814815125