1 1 0.5914351812499999 0.7757162156249999 0.3819444578125 0.12467447031250001 0.45601851406250005 0 0.4722222359375 0 1 0.06217446875 1 0.7158203421875 0.8657407359375 1 0.8194445109374999 1 0.5914351812499999
4 0.55703125 0.4953125 0.03359375 0.16640625
4 0.62265625 0.53984375 0.04609375 0.146875
4 0.675 0.45 0.02890625 0.109375
4 0.72578125 0.534375 0.0296875 0.121875
4 0.20234375 0.48984375 0.053125 0.13671875
4 0.14296875 0.540625 0.040625 0.12734375
4 0.02421875 0.53828125 0.0484375 0.1484375
2 0.998372465625 0.55555556875 0.9957682203125 0.4097222359375 0.9384765921874999 0.3587962921875 0.912434965625 0.379629625 0.9078775953125 0.492476846875 0.908528715625 0.49768518124999994 0.9762369703125 0.5625000140624999 0.998372465625 0.55555556875
4 0.92890625 0.515625 0.02890625 0.13984375
3 0.9234375 0.50859375 0.06953125 0.04296875
5 0.48203125 0.8953125 0.0515625 0.209375
5 0.32265625 0.38046875 0.03671875 0.11328125