1 0.3128450625 0.8958334000000001 0.7750846265625 0.766203734375 1 0.7175926234375 0.9996940000000001 0.688657403125 0.6123242484375 0.344907403125 0 0.4398148453125 0.0003450609375 0.9976851812499999 0.3128450625 0.8958334000000001
4 0.79296875 0.64296875 0.0671875 0.12109375
4 0.74375 0.621875 0.0328125 0.13671875
4 0.6375 0.4375 0.02578125 0.115625
4 0.5171875 0.48671875 0.03984375 0.128125
4 0.39765625 0.8359375 0.04453125 0.19765625
2 0.7600912156249999 0.32407406875 0.74186196875 0.3310185140625 0.7327474656249999 0.453703734375 0.7991537156249999 0.513888903125 0.8483072828125 0.49942129218750003 0.838216215625 0.4953704015625 0.8277994703125 0.3703704015625 0.7600912156249999 0.32407406875
5 0.6375 0.2984375 0.0296875 0.115625
5 0.5625 0.746875 0.03359375 0.14609375
4 0.58203125 0.5546875 0.03984375 0.15546875
4 0.59921875 0.57734375 0.03203125 0.1375
5 0.8109375 0.76171875 0.04609375 0.153125
3 0.78046875 0.465625 0.04453125 0.1203125