1 1 0.393657403125 0.8863932203125 0.0024537078125 0.11946615468749999 0.0024537078125 0.0009765921875 0.39597223593750003 0 0.9502315125 0.60904946875 0.9363426234375 1 0.9479166812500001 1 0.393657403125
4 0.9078125 0.4484375 0.040625 0.18671875
4 0.55390625 0.4453125 0.0421875 0.159375
4 0.6234375 0.3671875 0.053125 0.15546875
4 0.47421875 0.4234375 0.03515625 0.18125
4 0.3046875 0.6 0.03671875 0.209375
4 0.12265625 0.37734375 0.08203125 0.1828125
4 0.4484375 0.6546875 0.04296875 0.1234375
4 0.39296875 0.63984375 0.08125 0.1765625
2 0.3955078421875 0.732638903125 0.3785807203125 0.7766204015625 0.3942057203125 0.978009290625 0.6116537156249999 0.973379625 0.6155599656249999 0.9340277921875 0.6194662156249999 0.77430556875 0.6038412156249999 0.728009290625 0.3955078421875 0.732638903125
3 0.48125 0.778125 0.125 0.10625
5 0.01484375 0.1 0.0296875 0.15625
5 0.021875 0.2578125 0.01875 0.1375