1 0.3343099046875 0.8634259562500001 0.900716215625 0.6944445109374999 0.9098307203125 0.6938657359375 0.5517578421875 0.36342595625 0 0.453703734375 0.0022786546875000003 0.976851846875 0.3343099046875 0.8634259562500001
4 0.7046875 0.6546875 0.0484375 0.13984375
4 0.58984375 0.5703125 0.0234375 0.1375
4 0.39453125 0.690625 0.04375 0.13671875
4 0.4140625 0.5890625 0.0234375 0.14140625
4 0.57109375 0.4328125 0.0234375 0.13046875
4 0.38828125 0.45234375 0.02265625 0.128125
4 0.15625 0.4484375 0.03046875 0.10703125
4 0.0765625 0.640625 0.040625 0.13984375
4 0.51953125 0.78828125 0.03828125 0.1328125
2 0.6884765921875 0.344907403125 0.66373696875 0.3472222359375 0.6624349656249999 0.46296295781249996 0.7158203421875 0.51157406875 0.75944009375 0.501157403125 0.74967446875 0.49305556875 0.7470703421875 0.391203734375 0.6884765921875 0.344907403125
5 0.05390625 0.39296875 0.0296875 0.103125