1 1 1 0.998372465625 0.43750001406249994 0.3798828421875 0.33796295781249996 0 0.673611178125 0.0022786546875000003 0.7800926234375 0.3629557203125 0.861111178125 0.7666015921875 0.9722222890625 0.8447265921874999 1 1 1
4 0.94921875 0.65859375 0.059375 0.2109375
4 0.603125 0.35859375 0.02734375 0.12109375
4 0.5578125 0.47109375 0.06015625 0.15078125
4 0.4953125 0.3921875 0.040625 0.12265625
4 0.396875 0.4609375 0.03203125 0.1203125
4 0.43203125 0.45390625 0.0421875 0.128125
4 0.37890625 0.5375 0.0953125 0.07265625
4 0.4640625 0.628125 0.0375 0.13671875
5 0.39453125 0.2765625 0.0359375 0.0953125
5 0.44296875 0.7828125 0.04296875 0.175
3 0.23359375 0.4375 0.03515625 0.1671875
2 0.2001953421875 0.3125000140625 0.1272786546875 0.3657407359375 0.12467447031250001 0.51157406875 0.1637369703125 0.5254629578125 0.2353515921875 0.46759262343749997 0.2340494703125 0.321759290625 0.2001953421875 0.3125000140625