1 1 1 0.9977213453125 0.45601851406250005 0.3902994703125 0.3587962921875 0 0.7106481796875 0.0022786546875000003 0.7847222890625 0.2718099046875 0.8495370687499999 0.5061849656249999 0.9074074031249999 0.7392578421875 0.976851846875 0.7874349656249999 1 1 1
4 0.87109375 0.5328125 0.04296875 0.1609375
4 0.77734375 0.51328125 0.040625 0.14921875
4 0.46640625 0.5921875 0.04609375 0.1578125
4 0.45703125 0.44140625 0.0359375 0.13046875
4 0.2828125 0.53046875 0.05859375 0.08203125
4 0.31015625 0.5078125 0.04609375 0.07734375
4 0.1875 0.7078125 0.05390625 0.1671875
4 0.22265625 0.7375 0.02265625 0.13203125
4 0.42578125 0.859375 0.040625 0.18828125
2 0.2262369703125 0.33796295781249996 0.14941409218749999 0.3935185140625 0.1429036546875 0.5347222359375 0.1881510328125 0.535879625 0.2522786546875 0.4814815125 0.2496744703125 0.351851846875 0.2262369703125 0.33796295781249996
3 0.24921875 0.49765625 0.02109375 0.08359375
5 0.80859375 0.35625 0.03046875 0.1125
4 0.7484375 0.9046875 0.0453125 0.190625