1 1 0.42222222187499997 0.717921875 0.42083333281249996 0.0796875 0.4 0 0.48194444374999995 0.003125 0.76944444375 0.44921875 0.7791666671875 1 0.8111111109375001 1 0.42222222187499997
1 0.2359375 0.525 0.03125 0.0890625
1 0.384375 0.5875 0.040625 0.09140625
1 0.390625 0.515625 0.021875 0.0859375
1 0.4171875 0.43046875 0.034375 0.08359375
1 0.58515625 0.5234375 0.0234375 0.09140625
1 0.525 0.66796875 0.028125 0.10859375
1 0.68203125 0.70703125 0.0484375 0.1359375
0 0.66640625 0.74765625 0.0109375 0.01796875
5 0.78828125 0.746875 0.0203125 0.115625
5 0.75 0.8 0.02890625 0.1390625
5 0.49140625 0.78046875 0.0265625 0.08046875
5 0.65234375 0.3796875 0.025 0.065625
5 0.26953125 0.35625 0.015625 0.0625