1 0.1507161546875 0.9976851812499999 1 1 0.9977213453125 0.48379629218750003 0.2952474046875 0.379629625 0.0009765921875 0.6504629578125 0.0009765921875 0.9629629578125 0.1507161546875 0.9976851812499999
4 0.89453125 0.63828125 0.04375 0.190625
4 0.83203125 0.63828125 0.0640625 0.21875
4 0.69765625 0.403125 0.0484375 0.1203125
4 0.62265625 0.41328125 0.05078125 0.15078125
4 0.6265625 0.29140625 0.03203125 0.065625
4 0.38203125 0.521875 0.05078125 0.16953125
4 0.2140625 0.51796875 0.0484375 0.13046875
4 0.4234375 0.38515625 0.06171875 0.10859375
4 0.58359375 0.96015625 0.0375 0.075
4 0.6140625 0.9640625 0.03515625 0.071875
3 0.125 0.56796875 0.103125 0.06796875
2 0.08951821875 0.3587962921875 0.0048828421875 0.41203706875 0.0022786546875000003 0.6087962921875001 0.04524740625 0.6087962921875001 0.1311849046875 0.5300926234375 0.11816409218749999 0.3703704015625 0.08951821875 0.3587962921875
5 0.259375 0.340625 0.040625 0.1296875
5 0.68125 0.91171875 0.06953125 0.1765625