1 0.1663411546875 1 0.2848307203125 0.9560185140625 0.9970703421874999 0.759259290625 0.9967447828125 0.7094907359375 0.7314453421875 0.4907407359375 0.5960287156249999 0.3657407359375 0 0.45833334687500005 0 1 0.1663411546875 1
4 0.26328125 0.6328125 0.03828125 0.165625
4 0.47734375 0.3453125 0.03125 0.11953125
4 0.52421875 0.396875 0.03359375 0.0484375
4 0.5546875 0.33125 0.028125 0.07734375
4 0.57890625 0.34921875 0.03125 0.09296875
4 0.6421875 0.459375 0.01953125 0.128125
4 0.6640625 0.47890625 0.03828125 0.12578125
4 0.565625 0.40625 0.03515625 0.053125
3 0.715625 0.453125 0.03125 0.13046875
2 0.74967446875 0.3402777921875 0.7288412156249999 0.3472222359375 0.7275390921875 0.48379629218750003 0.7913412156249999 0.539351846875 0.8356119703125 0.52719906875 0.826497465625 0.504629625 0.8291015921874999 0.395833346875 0.74967446875 0.3402777921875
4 0.578125 0.80703125 0.06953125 0.12578125
5 0.2734375 0.35703125 0.03828125 0.11875
5 0.459375 0.7734375 0.04765625 0.134375