1 0.0354479171875 0.909259259375 0.2323229171875 0.85555555625 0.5526354171875 0.7731481484375 0.9099583328125 0.6888888890625 0.755270834375 0.5445 0.6197916671875 0.42314814843750004 0.5265625 0.43240740625 0.000552084375 0.5083333328124999 0 0.91759259375 0.0354479171875 0.909259259375
4 0.1109375 0.63046875 0.025 0.1109375
4 0.34453125 0.61796875 0.0203125 0.0859375
4 0.4796875 0.7359375 0.0375 0.09453125
5 0.57265625 0.7109375 0.0203125 0.0890625
4 0.66015625 0.67890625 0.0328125 0.096875
4 0.8046875 0.62109375 0.028125 0.103125
4 0.853125 0.5859375 0.03125 0.08359375
3 0.7390625 0.49453125 0.025 0.09453125
2 0.73984375 0.46640625 0.0703125 0.14453125
4 0.578125 0.4890625 0.034375 0.08359375
4 0.5984375 0.45390625 0.025 0.08046875
4 0.35625 0.5515625 0.03125 0.0859375
5 0.13515625 0.878125 0.0515625 0.1
5 0.61875 0.3796875 0.01171875 0.06328125