1 0 0.96527784375 0.3994140921875 0.95138895625 0.8798828421874999 0.9537037343750001 1 0.9606481796875 0.9977213453125 0.40393518124999994 0.877278715625 0 0.11946615468749999 1.4062500000000001e-8 0 0.43518518124999994 0 0.96527784375
4 0.66953125 0.30234375 0.03515625 0.13671875
4 0.596875 0.19140625 0.06015625 0.103125
4 0.5453125 0.43828125 0.0484375 0.159375
4 0.4921875 0.4328125 0.03828125 0.16171875
4 0.41875 0.315625 0.05703125 0.12265625
4 0.40078125 0.47265625 0.0484375 0.15625
0 0.50859375 0.3296875 0.0140625 0.02109375
4 0.5109375 0.64140625 0.04296875 0.17578125
4 0.46875 0.63984375 0.05390625 0.165625
2 0.3968099046875 0.739583346875 0.3837890921875 0.790509290625 0.3850911546875 0.9687500140624999 0.3981119703125 0.9918981796875 0.60514321875 0.9907407359375 0.6155599656249999 0.9479166812500001 0.6181640921875 0.7835648453124999 0.6038412156249999 0.7418981796875 0.3968099046875 0.739583346875
3 0.5296875 0.77734375 0.07109375 0.22265625
5 0.021875 0.27109375 0.03671875 0.165625
5 0.01875 0.11171875 0.0375 0.1625