1 0 1 0.17285159218749999 0.99652784375 0.5556640921875 0.8738426234375 1 0.751157403125 0.9918619703125 0.7210648453124999 0.7874349656249999 0.535879625 0.5921224656249999 0.357638903125 0 0.45717595624999996 0 1
4 0.59296875 0.43125 0.0265625 0.10703125
4 0.59765625 0.33515625 0.03046875 0.0609375
4 0.38828125 0.4140625 0.03828125 0.1109375
4 0.2484375 0.62109375 0.0484375 0.1671875
4 0.5109375 0.43203125 0.02890625 0.1109375
4 0.6265625 0.48515625 0.03046875 0.096875
4 0.64609375 0.47734375 0.0328125 0.12578125
4 0.62421875 0.37578125 0.0265625 0.096875
3 0.67265625 0.44609375 0.06484375 0.09140625
5 0.2796875 0.35703125 0.05 0.11171875
5 0.953125 0.61328125 0.0390625 0.15546875
5 0.4625 0.8265625 0.04609375 0.1921875
2 0.75358071875 0.34143518125 0.73014321875 0.357638903125 0.72233071875 0.48032406875 0.79654946875 0.5381944578125 0.8414713453125 0.5376157359375 0.826497465625 0.508101846875 0.8317057203125 0.39467595625 0.75358071875 0.34143518125