1 0 0.84027784375 0.19238284218749999 0.8541667328125 0.486653715625 0.8958334000000001 0.881184965625 0.96527784375 0.9996744703125 0.9884259562500001 0.9996744703125 0.395254625 0.11555990468749999 0.317129625 0 0.442129625 0 0.84027784375
4 0.75 0.80234375 0.0796875 0.24765625
4 0.84921875 0.696875 0.06171875 0.17578125
4 0.42578125 0.49765625 0.040625 0.153125
4 0.38203125 0.5109375 0.0421875 0.16328125
4 0.4921875 0.3828125 0.03046875 0.09609375
4 0.64453125 0.33515625 0.0359375 0.11640625
4 0.80625 0.42890625 0.03984375 0.1234375
4 0.9328125 0.434375 0.05 0.15859375
4 0.275 0.846875 0.04296875 0.20859375
5 0.571875 0.8921875 0.04453125 0.215625
5 0.94453125 0.32265625 0.05078125 0.13671875
3 0.1328125 0.46796875 0.07734375 0.11484375
5 0.01328125 0.83203125 0.0265625 0.2109375