1 0 0.9111111109375001 0.584375 0.7569444437499999 0.9015625 0.6861111109375 0.61640625 0.42074999999999996 0 0.50825 0 0.9111111109375001
5 0.14609375 0.8765625 0.0578125 0.11953125
4 0.13125 0.64453125 0.040625 0.10546875
4 0.3453125 0.59296875 0.028125 0.09140625
4 0.38984375 0.5359375 0.0203125 0.08359375
4 0.49453125 0.7484375 0.0265625 0.096875
4 0.61640625 0.49609375 0.0328125 0.0859375
4 0.67109375 0.45859375 0.0265625 0.05546875
5 0.625 0.6890625 0.03125 0.1
4 0.65703125 0.65 0.0203125 0.09453125
3 0.778125 0.534375 0.021875 0.075
4 0.88671875 0.5890625 0.0203125 0.078125
4 0.9140625 0.62109375 0.03125 0.0859375
1 0.6171875 0.384375 0.01484375 0.06640625
2 0.7328125 0.475 0.06640625 0.14453125