1 1 0.46296295781249996 0.3473307203125 0.35416668125 0.1559244703125 0.532407403125 0 0.6782407359375 0 0.8564815125 0.03873696875 0.8634259562500001 0.40983071875 0.9583334000000001 0.5569662156249999 0.9953704015625 1 0.9976851812499999 1 0.46296295781249996
4 0.6515625 0.6921875 0.05078125 0.20859375
4 0.65078125 0.46953125 0.0484375 0.13515625
4 0.59296875 0.53515625 0.04296875 0.1796875
4 0.54140625 0.54765625 0.05 0.14921875
4 0.56484375 0.425 0.046875 0.0984375
4 0.38984375 0.56640625 0.03515625 0.17265625
4 0.4125 0.4328125 0.03671875 0.11640625
0 0.740625 0.41484375 0.02109375 0.021875
4 0.7578125 0.38046875 0.040625 0.0953125
3 0.234375 0.4734375 0.040625 0.16953125
5 0.85546875 0.9578125 0.059375 0.08359375
5 0.95 0.3765625 0.034375 0.13046875
2 0.1546224046875 0.3310185140625 0.07779946875 0.395833346875 0.11165365468749999 0.3981481796875 0.11783853281250001 0.567129625 0.1910807203125 0.48611112500000003 0.18457034218749999 0.33796295781249996 0.1546224046875 0.3310185140625
2 0.07649740625 0.3935185140625 0.07649740625 0.504629625 0.06477865625 0.5462962921875001 0.11555990468749999 0.5532407359375 0.11165365468749999 0.40509262343749997 0.07649740625 0.3935185140625