1 1 0.40393518124999994 0.8824869703125 0 0.12207034218749999 0.00231481875 0.0009765921875 0.4097222359375 0 0.9629629578125 1 0.946759290625 1 0.40393518124999994
4 0.84453125 0.428125 0.05703125 0.1765625
4 0.34921875 0.51015625 0.0515625 0.1796875
4 0.53671875 0.315625 0.03046875 0.1328125
4 0.4890625 0.42421875 0.02578125 0.1796875
4 0.52734375 0.43125 0.03671875 0.16953125
4 0.2125 0.38046875 0.03984375 0.146875
4 0.44453125 0.68828125 0.05234375 0.215625
4 0.4921875 0.6328125 0.028125 0.06796875
2 0.3981119703125 0.73842595625 0.3850911546875 0.7754629578125 0.3876953421875 0.95138895625 0.3994140921875 0.9814815125 0.60514321875 0.9699074031249999 0.6155599656249999 0.95138895625 0.6181640921875 0.7708334 0.60514321875 0.736111178125 0.3981119703125 0.73842595625
3 0.5125 0.72421875 0.05 0.1484375
5 0.0171875 0.27578125 0.034375 0.1796875
5 0.01640625 0.1015625 0.03203125 0.17265625