1 1 0.71527784375 0.9996744703125 0.36805556875 1 0.35532406875 0.2132161546875 0.391203734375 0.2145182203125 0.7685185140625 0.6155599656249999 0.743055621875 1 0.71527784375
4 0.83984375 0.46015625 0.06875 0.15390625
4 0.72421875 0.4453125 0.06640625 0.14609375
4 0.6890625 0.534375 0.040625 0.17734375
4 0.5625 0.5265625 0.05625 0.14140625
4 0.45859375 0.47890625 0.0328125 0.17734375
4 0.2921875 0.5265625 0.04296875 0.15078125
4 0.5140625 0.40703125 0.03203125 0.125
4 0.25 0.6140625 0.04375 0.18828125
3 0.2640625 0.44453125 0.034375 0.1015625
5 0.7546875 0.634375 0.05 0.18984375
2 0.1663411546875 0.333333346875 0.1637369703125 0.49305556875 0.15332034218749999 0.48842595624999996 0.1507161546875 0.5439815125 0.2145182203125 0.5619212921875001 0.2054036546875 0.3819444578125 0.2041015921875 0.3356481796875 0.1663411546875 0.333333346875