1 0.7509765921875 0.4189815125 0.3251953421875 0.361111125 0 0.6481481796875 0.0009765921875 0.7916667328125 0.3707682203125 0.8726851812499999 0.8414713453125 0.9994212921875001 0.9996744703125 1 1 0.45601851406250005 0.7509765921875 0.4189815125
4 0.94453125 0.5703125 0.034375 0.165625
4 0.8 0.525 0.05078125 0.1484375
4 0.7125 0.80078125 0.0328125 0.18984375
4 0.725 0.565625 0.0328125 0.15625
4 0.69453125 0.503125 0.0296875 0.1328125
4 0.43828125 0.57109375 0.0453125 0.1578125
4 0.453125 0.47421875 0.040625 0.10234375
4 0.43828125 0.48359375 0.02578125 0.075
3 0.1765625 0.51328125 0.078125 0.0890625
5 0.765625 0.8984375 0.034375 0.203125
5 0.45859375 0.32265625 0.03046875 0.10859375
2 0.16113284218749999 0.3402777921875 0.08040365625 0.3935185140625 0.08040365625 0.504629625 0.06998696875 0.5231481796875 0.12076822031250001 0.54166668125 0.1858724046875 0.4907407359375 0.1780599046875 0.34953706875 0.16113284218749999 0.3402777921875