1 0.43717446875 0.8287037343750001 0.9970703421874999 0.90277784375 1 0.46759262343749997 0.1598307203125 0.4027777921875 0 0.5601851812499999 0.0009765921875 0.789351846875 0.43717446875 0.8287037343750001
4 0.7578125 0.56484375 0.028125 0.10625
4 0.66484375 0.45234375 0.03359375 0.1
4 0.609375 0.7359375 0.040625 0.153125
4 0.49609375 0.46484375 0.0359375 0.11171875
4 0.49453125 0.59375 0.0421875 0.10859375
4 0.390625 0.6453125 0.03125 0.13515625
4 0.2859375 0.49296875 0.03125 0.1015625
4 0.30703125 0.48515625 0.025 0.12734375
3 0.0734375 0.49375 0.0375 0.14140625
5 0.3546875 0.38046875 0.02890625 0.09140625
2 0.0009765921875 0.5648148453124999 0.05305990625 0.51157406875 0.04264321875 0.4027777921875 0.0218099046875 0.4027777921875 0.0009765921875 0.4189815125 0.0009765921875 0.5648148453124999