1 0.3929036546875 1 1 0.8495370687499999 0.9977213453125 0.6400462921875001 0.6650390921875 0.34259262343749997 0 0.446759290625 0 1 0.3929036546875 1
4 0.80859375 0.53671875 0.03046875 0.18984375
4 0.65546875 0.5296875 0.06015625 0.1578125
4 0.6015625 0.51015625 0.03125 0.15078125
4 0.54921875 0.41796875 0.034375 0.14609375
4 0.384375 0.5015625 0.02421875 0.16796875
4 0.421875 0.53359375 0.0671875 0.15078125
4 0.08125 0.58046875 0.07421875 0.1765625
2 0.9449869703125 0.37731484531250004 0.8551432203125 0.321759290625 0.834309965625 0.3310185140625 0.8248697828125 0.48032406875 0.8994140921874999 0.5486111250000001 0.947591215625 0.532407403125 0.9449869703125 0.37731484531250004
3 0.83671875 0.50703125 0.021875 0.08359375
5 0.13671875 0.34453125 0.03828125 0.13046875
5 0.31015625 0.94609375 0.0671875 0.1078125
4 0.36875 0.36796875 0.05390625 0.0703125