1 1 0.6435185140625 0.6943359671875 0.3564815125 0 0.446759290625 0.0029297171875 1 0.1305338453125 0.9907407359375 1 0.782407403125 1 0.6435185140625
4 0.534375 0.58203125 0.0453125 0.2109375
4 0.66328125 0.4484375 0.0375 0.14453125
4 0.6953125 0.4453125 0.028125 0.15546875
4 0.26484375 0.51328125 0.0453125 0.1078125
4 0.45078125 0.428125 0.06171875 0.125
4 0.43125 0.4484375 0.03828125 0.13046875
4 0.4328125 0.4890625 0.021875 0.01015625
4 0.20859375 0.7453125 0.04609375 0.18984375
4 0.1328125 0.4390625 0.040625 0.12578125
3 0.8046875 0.46796875 0.05234375 0.06484375
2 0.8610025953125 0.333333346875 0.8375650953125 0.34259262343749997 0.8232422171874999 0.47916668125 0.8974609671874999 0.539351846875 0.9449869703125 0.5289351812499999 0.9326172171874999 0.509259290625 0.9326172171874999 0.391203734375 0.8610025953125 0.333333346875
5 0.16484375 0.35703125 0.03515625 0.1328125